# Time-averaged data for fix 4
# TimeStep c_1 v_dist v_fz
0 35.9037 -0.0962559 -0.48128
1000 35.5635 -0.436547 -2.18274
2000 36.3249 0.324921 1.62461
3000 35.7959 -0.204079 -1.0204
4000 36.3321 0.332055 1.66028
5000 37.3098 1.30984 6.54922
6000 36.9204 0.920368 4.60184
7000 35.5926 -0.407411 -2.03705
8000 36.4167 0.41672 2.0836
9000 35.671 -0.328965 -1.64482
10000 36.6085 0.608485 3.04242
11000 36.3314 0.331387 1.65693
12000 35.7099 -0.290051 -1.45025
13000 36.3009 0.300877 1.50438
14000 36.334 0.334035 1.67017
15000 35.7146 -0.285352 -1.42676
16000 36.244 0.244019 1.2201
17000 36.7269 0.726878 3.63439
18000 36.0603 0.060303 0.301515
19000 35.7824 -0.217612 -1.08806
20000 36.3079 0.307921 1.53961
21000 35.6098 -0.390155 -1.95077
22000 35.3121 -0.687942 -3.43971
23000 34.6091 -1.39092 -6.95462
24000 35.6166 -0.383389 -1.91694
25000 36.318 0.31799 1.58995
26000 36.3128 0.312847 1.56424
27000 35.7952 -0.204759 -1.02379
28000 36.1154 0.115435 0.577175
29000 36.6759 0.675919 3.37959
30000 36.2791 0.279128 1.39564
31000 35.4442 -0.555759 -2.7788
32000 36.1534 0.153368 0.766842
33000 36.456 0.455967 2.27983
34000 35.856 -0.144025 -0.720125
35000 36.3924 0.392392 1.96196
36000 36.334 0.333963 1.66982
37000 35.7448 -0.255182 -1.27591
38000 35.4101 -0.589896 -2.94948
39000 36.3262 0.326168 1.63084
40000 36.9142 0.914155 4.57077
41000 35.702 -0.298046 -1.49023
42000 35.2553 -0.744654 -3.72327
43000 36.1378 0.137813 0.689064
44000 36.2961 0.296114 1.48057
45000 36.6413 0.641273 3.20636
46000 36.9752 0.975201 4.87601
47000 35.8243 -0.175663 -0.878315
48000 35.2696 -0.73038 -3.6519
49000 35.5544 -0.445638 -2.22819
50000 35.8316 -0.168407 -0.842033
51000 36.5677 0.567717 2.83859
52000 35.3479 -0.652063 -3.26032
53000 36.1936 0.193636 0.968179
54000 36.4086 0.40858 2.0429
55000 36.2305 0.230456 1.15228
56000 36.4935 0.493473 2.46736
57000 35.7314 -0.268609 -1.34304
58000 36.076 0.075974 0.37987
59000 35.4239 -0.576126 -2.88063
60000 35.7698 -0.230218 -1.15109
61000 35.7992 -0.20077 -1.00385
62000 35.6972 -0.302771 -1.51385
63000 36.2458 0.245844 1.22922
64000 35.3785 -0.621492 -3.10746
65000 35.7052 -0.294849 -1.47424
66000 35.5246 -0.475365 -2.37682
67000 36.1072 0.10725 0.536249
68000 36.2368 0.236827 1.18413
69000 35.8937 -0.106317 -0.531587
70000 36.1125 0.112501 0.562505
71000 35.7434 -0.256552 -1.28276
72000 35.744 -0.255995 -1.27997
73000 36.3142 0.314165 1.57083
74000 36.3902 0.390192 1.95096
75000 36.1087 0.108695 0.543477
76000 36.2008 0.200812 1.00406
77000 35.8991 -0.100863 -0.504315
78000 36.0072 0.00715424 0.0357712
79000 35.5878 -0.412193 -2.06097
80000 36.1997 0.199686 0.998431
81000 35.259 -0.741016 -3.70508
82000 35.9796 -0.0204452 -0.102226
83000 36.9393 0.939301 4.6965
84000 36.231 0.230998 1.15499
85000 35.3155 -0.684487 -3.42244
86000 36.632 0.632 3.16
87000 35.3555 -0.6445 -3.2225
88000 36.2128 0.212751 1.06375
89000 36.128 0.127979 0.639896
90000 35.8355 -0.164464 -0.822318
91000 35.5645 -0.435514 -2.17757
92000 36.0283 0.0282963 0.141481
93000 35.6133 -0.386719 -1.93359
94000 36.3062 0.306219 1.5311
95000 36.7147 0.714708 3.57354
96000 36.1881 0.188069 0.940343
97000 37.0122 1.01219 5.06094
98000 35.8775 -0.122468 -0.612339
99000 35.9297 -0.0702786 -0.351393
100000 36.1502 0.150183 0.750916
101000 35.7902 -0.209837 -1.04919
102000 35.19 -0.810024 -4.05012
103000 36.7227 0.722715 3.61358
104000 36.1429 0.142862 0.714309
105000 35.6206 -0.379428 -1.89714
106000 35.524 -0.476047 -2.38024
107000 36.0649 0.0648857 0.324429
108000 35.6919 -0.308057 -1.54029
109000 35.5038 -0.496201 -2.48101
110000 36.2095 0.209453 1.04727
111000 35.5392 -0.460787 -2.30393
112000 36.1394 0.139445 0.697225
113000 35.6174 -0.382628 -1.91314
114000 35.8516 -0.148352 -0.741759
115000 35.6141 -0.385866 -1.92933
116000 35.2695 -0.730499 -3.65249
117000 36.036 0.0359644 0.179822
118000 36.3828 0.382846 1.91423
119000 35.3527 -0.647339 -3.2367
120000 35.7178 -0.282234 -1.41117
121000 35.4949 -0.505133 -2.52566
122000 36.3949 0.39492 1.9746
123000 35.8255 -0.174543 -0.872715
124000 35.8165 -0.183504 -0.91752
125000 35.6059 -0.394123 -1.97062
126000 35.8463 -0.15369 -0.768448
127000 35.8205 -0.179535 -0.897677
128000 36.059 0.058951 0.294755
129000 35.4796 -0.520379 -2.60189
130000 35.9335 -0.0665331 -0.332666
131000 35.8371 -0.162873 -0.814367
132000 35.7496 -0.250415 -1.25207
133000 35.3379 -0.662097 -3.31049
134000 35.9525 -0.0474682 -0.237341
135000 36.1459 0.145946 0.72973
136000 35.4963 -0.503673 -2.51837
137000 36.7023 0.702252 3.51126
138000 35.8633 -0.136669 -0.683344
139000 36.4664 0.466384 2.33192
140000 36.5694 0.569407 2.84703
141000 35.3469 -0.653079 -3.2654
142000 35.5664 -0.433613 -2.16806
143000 35.7451 -0.254901 -1.2745
144000 36.0003 0.000323375 0.00161688
145000 36.7677 0.767727 3.83864
146000 35.466 -0.534038 -2.67019
147000 36.9707 0.970667 4.85333
148000 36.4253 0.425294 2.12647
149000 34.9641 -1.03585 -5.17926
150000 35.8785 -0.121529 -0.607644
151000 36.4932 0.493247 2.46624
152000 35.7422 -0.257829 -1.28914
153000 37.0562 1.05622 5.28108
154000 35.8616 -0.138353 -0.691763
155000 34.946 -1.05404 -5.27019
156000 36.0916 0.0916315 0.458157
157000 36.7802 0.7802 3.901
158000 35.3513 -0.648651 -3.24325
159000 35.3469 -0.653053 -3.26527
160000 34.9509 -1.04912 -5.24558
161000 35.3496 -0.650432 -3.25216
162000 37.251 1.25103 6.25515
163000 35.9036 -0.0963827 -0.481913
164000 36.1706 0.170622 0.85311
165000 34.9191 -1.08093 -5.40463
166000 36.4548 0.454848 2.27424
167000 35.2683 -0.731726 -3.65863
168000 36.5631 0.563126 2.81563
169000 35.6302 -0.369848 -1.84924
170000 35.6543 -0.345678 -1.72839
171000 36.6658 0.665849 3.32925
172000 36.4271 0.42709 2.13545
173000 36.0818 0.0817937 0.408969
174000 35.9478 -0.0521909 -0.260955
175000 36.1895 0.189537 0.947685
176000 35.3667 -0.633259 -3.16629
177000 35.8435 -0.156462 -0.782308
178000 36.1344 0.134433 0.672166
179000 35.8445 -0.155459 -0.777294
180000 34.9483 -1.05171 -5.25854
181000 35.7423 -0.257663 -1.28832
182000 36.8659 0.865943 4.32972
183000 35.8418 -0.158169 -0.790847
184000 36.521 0.520954 2.60477
185000 36.4705 0.470518 2.35259
186000 35.758 -0.241974 -1.20987
187000 34.9622 -1.03777 -5.18884
188000 35.6929 -0.307095 -1.53548
189000 36.9719 0.971935 4.85968
190000 36.2083 0.208334 1.04167
191000 35.6414 -0.358636 -1.79318
192000 36.3478 0.34783 1.73915
193000 36.9793 0.979286 4.89643
194000 36.7428 0.742828 3.71414
195000 35.4313 -0.56872 -2.8436
196000 36.092 0.0920218 0.460109
197000 35.5165 -0.483481 -2.41741
198000 35.338 -0.662022 -3.31011
199000 36.1807 0.180682 0.903409
200000 35.6776 -0.322408 -1.61204
201000 36.3209 0.320935 1.60467
202000 36.0549 0.054912 0.27456
203000 35.7707 -0.229294 -1.14647
204000 36.3192 0.319184 1.59592
205000 36.0376 0.0376187 0.188094
206000 36.3189 0.31887 1.59435
207000 36.3737 0.373684 1.86842
208000 36.0038 0.00382492 0.0191246
209000 36.631 0.631033 3.15517
210000 36.5841 0.584051 2.92025
211000 35.9917 -0.00829614 -0.0414807
212000 34.8125 -1.18752 -5.9376
213000 36.1519 0.151881 0.759406
214000 35.2044 -0.795555 -3.97777
215000 35.2344 -0.765621 -3.8281
216000 35.268 -0.73204 -3.6602
217000 35.0778 -0.922156 -4.61078
218000 35.0352 -0.964755 -4.82378
219000 35.929 -0.0709702 -0.354851
220000 35.8436 -0.156382 -0.781909
221000 36.3004 0.300412 1.50206
222000 35.6368 -0.36323 -1.81615
223000 36.2681 0.268063 1.34031
224000 35.4911 -0.508858 -2.54429
225000 35.2749 -0.72515 -3.62575
226000 36.295 0.294994 1.47497
227000 36.1803 0.180281 0.901407
228000 36.1491 0.149059 0.745295
229000 35.6902 -0.309784 -1.54892
230000 35.9244 -0.0756167 -0.378083
231000 37.0758 1.0758 5.37902
232000 35.9683 -0.0316961 -0.15848
233000 36.5506 0.550571 2.75286
234000 36.4062 0.406203 2.03101
235000 35.7846 -0.215376 -1.07688
236000 35.6583 -0.341654 -1.70827
237000 35.632 -0.367967 -1.83984
238000 37.1116 1.11158 5.5579
239000 37.0011 1.0011 5.0055
240000 36.5543 0.554263 2.77131
241000 36.2196 0.219642 1.09821
242000 35.7519 -0.248119 -1.24059
243000 36.3776 0.377588 1.88794
244000 35.5017 -0.498266 -2.49133
245000 35.2182 -0.781765 -3.90882
246000 35.7098 -0.290188 -1.45094
247000 35.9381 -0.0618721 -0.30936
248000 36.4026 0.402625 2.01312
249000 35.4913 -0.50866 -2.5433
250000 35.8155 -0.184479 -0.922394
251000 36.5026 0.502588 2.51294
252000 35.249 -0.751001 -3.75501
253000 35.1918 -0.808198 -4.04099
254000 35.932 -0.0680379 -0.34019
255000 36.0503 0.0503199 0.251599
256000 36.056 0.056049 0.280245
257000 35.9091 -0.0908504 -0.454252
258000 35.9186 -0.0814012 -0.407006
259000 37.2483 1.24829 6.24143
260000 36.5963 0.596305 2.98152
261000 36.3949 0.394884 1.97442
262000 34.8943 -1.10573 -5.52863
263000 35.6206 -0.37941 -1.89705
264000 36.0336 0.0335906 0.167953
265000 35.4514 -0.54858 -2.7429
266000 35.2672 -0.732794 -3.66397
267000 36.3188 0.318792 1.59396
268000 36.7052 0.705157 3.52578
269000 35.9912 -0.00875849 -0.0437925
270000 34.5693 -1.43074 -7.1537
271000 36.6842 0.684193 3.42097
272000 35.3231 -0.676949 -3.38475
273000 36.0531 0.0530597 0.265299
274000 35.5761 -0.42391 -2.11955
275000 36.507 0.506998 2.53499
276000 36.2217 0.221735 1.10867
277000 36.582 0.581992 2.90996
278000 35.2991 -0.700908 -3.50454
279000 36.8728 0.872795 4.36397
280000 36.7529 0.752894 3.76447
281000 36.6119 0.611854 3.05927
282000 36.8162 0.816175 4.08087
283000 36.1437 0.143746 0.718732
284000 36.9765 0.976549 4.88275
285000 35.7173 -0.282716 -1.41358
286000 35.7569 -0.243052 -1.21526
287000 35.6026 -0.39738 -1.9869
288000 36.0163 0.0163422 0.0817111
289000 36.0587 0.0587306 0.293653
290000 35.4224 -0.577561 -2.8878
291000 36.2186 0.21856 1.0928
292000 36.1282 0.128157 0.640786
293000 35.2669 -0.733144 -3.66572
294000 36.2703 0.270292 1.35146
295000 35.2855 -0.714484 -3.57242
296000 35.9383 -0.0617291 -0.308646
297000 36.122 0.121997 0.609987
298000 35.7777 -0.222333 -1.11166
299000 36.0435 0.0435066 0.217533
300000 35.9956 -0.00435333 -0.0217667
301000 36.3615 0.361528 1.80764
302000 36.1163 0.116264 0.581318
303000 35.6075 -0.392487 -1.96243
304000 34.9142 -1.08577 -5.42887
305000 35.4379 -0.5621 -2.8105
306000 36.2549 0.25488 1.2744
307000 35.4768 -0.523176 -2.61588
308000 36.7819 0.781909 3.90955
309000 35.6794 -0.32059 -1.60295
310000 36.1292 0.129188 0.645939
311000 34.9801 -1.01986 -5.09931
312000 35.131 -0.869028 -4.34514
313000 36.1521 0.152064 0.760318
314000 36.8646 0.864616 4.32308
315000 36.7703 0.770318 3.85159
316000 35.2475 -0.75253 -3.76265
317000 35.8652 -0.13484 -0.674201
318000 35.281 -0.719044 -3.59522
319000 36.5457 0.545653 2.72826
320000 36.4923 0.492336 2.46168
321000 36.2888 0.288764 1.44382
322000 36.0448 0.0448187 0.224093
323000 36.0687 0.0686938 0.343469
324000 36.3216 0.321606 1.60803
325000 35.4787 -0.521293 -2.60646
326000 35.9091 -0.0908994 -0.454497
327000 35.6464 -0.353561 -1.76781
328000 36.0783 0.0783098 0.391549
329000 35.7488 -0.251206 -1.25603
330000 36.7342 0.734237 3.67118
331000 36.7957 0.795707 3.97854
332000 35.59 -0.40999 -2.04995
333000 35.9719 -0.0280781 -0.140391
334000 36.4038 0.403806 2.01903
335000 36.5987 0.5987 2.9935
336000 35.1074 -0.892645 -4.46323
337000 35.9445 -0.0554784 -0.277392
338000 36.5152 0.51525 2.57625
339000 36.2631 0.263139 1.31569
340000 35.7686 -0.231389 -1.15695
341000 35.2962 -0.703806 -3.51903
342000 36.2563 0.256259 1.2813
343000 35.6742 -0.325814 -1.62907
344000 35.7868 -0.213224 -1.06612
345000 36.5919 0.591862 2.95931
346000 35.7734 -0.226562 -1.13281
347000 36.5296 0.529595 2.64798
348000 36.031 0.0309876 0.154938
349000 35.8874 -0.112577 -0.562884
350000 35.8092 -0.19081 -0.954051
351000 35.3638 -0.636186 -3.18093
352000 36.7684 0.768389 3.84195
353000 35.8658 -0.134153 -0.670764
354000 35.3701 -0.629858 -3.14929
355000 35.6342 -0.365832 -1.82916
356000 35.2748 -0.725226 -3.62613
357000 36.2569 0.256877 1.28439
358000 36.5596 0.559607 2.79804
359000 35.6506 -0.349413 -1.74706
360000 36.7123 0.712266 3.56133
361000 35.9031 -0.0968582 -0.484291
362000 36.2656 0.265633 1.32816
363000 36.5044 0.50443 2.52215
364000 36.2797 0.279658 1.39829
365000 35.2345 -0.765461 -3.8273
366000 35.4374 -0.562579 -2.8129
367000 36.4711 0.471091 2.35545
368000 35.0268 -0.973189 -4.86594
369000 35.5361 -0.463918 -2.31959
370000 36.1248 0.124793 0.623967
371000 36.23 0.229984 1.14992
372000 36.2003 0.200301 1.00151
373000 36.7416 0.741633 3.70817
374000 35.5663 -0.433741 -2.1687
375000 36.3542 0.354214 1.77107
376000 36.2407 0.240668 1.20334
377000 35.2479 -0.752056 -3.76028
378000 36.1925 0.192506 0.962531
379000 36.4367 0.436665 2.18332
380000 35.4293 -0.570657 -2.85329
381000 36.31 0.30999 1.54995
382000 36.3043 0.304303 1.52151
383000 36.2799 0.279947 1.39973
384000 36.0655 0.0654781 0.327391
385000 35.4218 -0.578164 -2.89082
386000 36.1887 0.188748 0.943738
387000 35.1489 -0.851074 -4.25537
388000 35.9121 -0.0879099 -0.43955
389000 36.7404 0.740403 3.70202
390000 36.6139 0.613869 3.06934
391000 35.5388 -0.461193 -2.30596
392000 36.5099 0.509918 2.54959
393000 36.6414 0.641372 3.20686
394000 36.4426 0.442576 2.21288
395000 36.5435 0.54351 2.71755
396000 36.4115 0.411525 2.05762
397000 36.1635 0.163498 0.817489
398000 35.9833 -0.0167322 -0.0836611
399000 36.7086 0.708594 3.54297
400000 36.3247 0.324749 1.62374
401000 35.3646 -0.635366 -3.17683
402000 35.9267 -0.0733081 -0.366541
403000 36.0771 0.0770887 0.385444
404000 35.4346 -0.5654 -2.827
405000 35.9754 -0.0245551 -0.122775
406000 35.7185 -0.281456 -1.40728
407000 36.3501 0.350086 1.75043
408000 35.7736 -0.226399 -1.13199
409000 36.0519 0.0519149 0.259574
410000 35.4751 -0.524881 -2.62441
411000 36.4632 0.463169 2.31585
412000 36.2206 0.220635 1.10318
413000 36.0511 0.051053 0.255265
414000 35.7358 -0.264185 -1.32092
415000 36.2584 0.258359 1.2918
416000 35.0503 -0.949742 -4.74871
417000 35.647 -0.353044 -1.76522
418000 35.3563 -0.643726 -3.21863
419000 35.5289 -0.47106 -2.3553
420000 35.7448 -0.25516 -1.2758
421000 36.0696 0.0696296 0.348148
422000 36.1238 0.123848 0.619238
423000 36.1496 0.149647 0.748235
424000 35.1179 -0.882081 -4.4104
425000 36.8964 0.896357 4.48179
426000 36.0263 0.0263277 0.131638
427000 35.1171 -0.882946 -4.41473
428000 35.8643 -0.135692 -0.678462
429000 35.3563 -0.643667 -3.21833
430000 36.3234 0.323436 1.61718
431000 36.2534 0.253398 1.26699
432000 36.3134 0.313397 1.56699
433000 35.3557 -0.644312 -3.22156
434000 36.0394 0.039401 0.197005
435000 35.2497 -0.750266 -3.75133
436000 35.7353 -0.264717 -1.32358
437000 36.3307 0.33074 1.6537
438000 36.0402 0.0402284 0.201142
439000 35.6186 -0.381396 -1.90698
440000 36.2881 0.288095 1.44047
441000 36.7724 0.772353 3.86176
442000 36.6302 0.630177 3.15089
443000 36.1648 0.164775 0.823873
444000 35.9258 -0.074191 -0.370955
445000 35.9366 -0.0634163 -0.317082
446000 36.2853 0.285263 1.42632
447000 36.2773 0.277278 1.38639
448000 35.0678 -0.932226 -4.66113
449000 36.1015 0.101495 0.507474
450000 36.175 0.175017 0.875085
451000 36.3311 0.331132 1.65566
452000 36.2131 0.213085 1.06543
453000 35.0715 -0.928486 -4.64243
454000 35.2468 -0.753188 -3.76594
455000 35.0761 -0.923919 -4.6196
456000 35.2079 -0.792117 -3.96059
457000 36.1302 0.130239 0.651197
458000 35.382 -0.618044 -3.09022
459000 35.7143 -0.285678 -1.42839
460000 35.9149 -0.0850549 -0.425274
461000 37.4289 1.42886 7.14428
462000 36.4782 0.478226 2.39113
463000 34.9974 -1.00261 -5.01305
464000 36.4692 0.469175 2.34588
465000 36.7319 0.731886 3.65943
466000 35.2532 -0.746833 -3.73417
467000 35.7657 -0.234327 -1.17163
468000 36.1044 0.10436 0.521799
469000 36.2341 0.234133 1.17066
470000 35.9466 -0.0533841 -0.26692
471000 36.3282 0.328185 1.64093
472000 34.9589 -1.04108 -5.20539
473000 36.2699 0.269923 1.34961
474000 36.3318 0.331796 1.65898
475000 36.0055 0.00546679 0.0273339
476000 35.6062 -0.393767 -1.96883
477000 36.0899 0.0899081 0.449541
478000 36.2303 0.23034 1.1517
479000 36.2271 0.227102 1.13551
480000 36.2457 0.245708 1.22854
481000 35.9468 -0.0531714 -0.265857
482000 35.2388 -0.761163 -3.80582
483000 35.6748 -0.325161 -1.6258
484000 35.8461 -0.153856 -0.769278
485000 35.3865 -0.613534 -3.06767
486000 35.379 -0.621012 -3.10506
487000 35.5467 -0.453325 -2.26663
488000 35.9074 -0.0926295 -0.463148
489000 34.8981 -1.10187 -5.50935
490000 37.049 1.04904 5.24522
491000 35.9667 -0.0332935 -0.166467
492000 36.4638 0.463792 2.31896
493000 36.4704 0.470369 2.35184
494000 35.4 -0.600006 -3.00003
495000 35.1613 -0.838703 -4.19352
496000 35.7514 -0.248572 -1.24286
497000 35.3992 -0.600771 -3.00386
498000 34.6524 -1.34763 -6.73815
499000 36.5681 0.568079 2.8404
500000 36.6886 0.688594 3.44297
501000 35.9479 -0.0521101 -0.260551
502000 36.1568 0.156781 0.783905
503000 36.0508 0.0508092 0.254046
504000 35.4765 -0.523521 -2.6176
505000 34.8721 -1.12791 -5.63954
506000 35.2376 -0.762435 -3.81217
507000 35.6523 -0.347707 -1.73854
508000 36.1458 0.145811 0.729056
509000 35.785 -0.215003 -1.07501
510000 36.4398 0.439793 2.19897
511000 36.0337 0.0336944 0.168472
512000 36.7359 0.735931 3.67965
513000 36.0592 0.0592324 0.296162
514000 36.7271 0.727116 3.63558
515000 36.0943 0.0942811 0.471406
516000 36.2427 0.242672 1.21336
517000 36.6188 0.618806 3.09403
518000 35.9467 -0.0533477 -0.266739
519000 36.2856 0.285591 1.42796
520000 36.4464 0.446368 2.23184
521000 36.4328 0.432848 2.16424
522000 36.0815 0.081461 0.407305
523000 35.9604 -0.0396009 -0.198005
524000 36.0255 0.0255293 0.127646
525000 36.0881 0.0880893 0.440446
526000 35.5156 -0.48445 -2.42225
527000 35.9041 -0.0958973 -0.479486
528000 35.6025 -0.397496 -1.98748
529000 35.2255 -0.774497 -3.87249
530000 35.8048 -0.195178 -0.97589
531000 36.4878 0.487778 2.43889
532000 36.9058 0.905832 4.52916
533000 37.0336 1.03357 5.16783
534000 36.023 0.0229747 0.114874
535000 36.6461 0.646059 3.23029
536000 35.9385 -0.0615061 -0.307531
537000 36.4553 0.455336 2.27668
538000 35.9009 -0.0991161 -0.495581
539000 35.6208 -0.379163 -1.89581
540000 35.2963 -0.703667 -3.51834
541000 37.2854 1.28537 6.42686
542000 36.7407 0.740714 3.70357
543000 35.9862 -0.0138109 -0.0690545
544000 36.234 0.233964 1.16982
545000 36.8814 0.881426 4.40713
546000 36.057 0.0569755 0.284877
547000 35.3964 -0.603646 -3.01823
548000 35.4049 -0.595142 -2.97571
549000 34.7416 -1.25836 -6.2918
550000 35.2094 -0.7906 -3.953
551000 35.7154 -0.284606 -1.42303
552000 36.43 0.429984 2.14992
553000 35.3346 -0.665419 -3.32709
554000 35.6665 -0.33353 -1.66765
555000 35.3297 -0.670332 -3.35166
556000 36.0893 0.0893007 0.446503
557000 36.8703 0.870306 4.35153
558000 36.0657 0.0657261 0.32863
559000 35.8213 -0.178743 -0.893716
560000 35.272 -0.728014 -3.64007
561000 36.4855 0.485536 2.42768
562000 36.4357 0.435688 2.17844
563000 36.6258 0.625822 3.12911
564000 36.2188 0.218769 1.09384
565000 34.8697 -1.1303 -5.65149
566000 35.4549 -0.545134 -2.72567
567000 36.7372 0.737227 3.68614
568000 36.9019 0.901921 4.50961
569000 36.0891 0.0891084 0.445542
570000 35.4282 -0.571836 -2.85918
571000 36.252 0.251959 1.25979
572000 36.6321 0.632087 3.16044
573000 35.8355 -0.164512 -0.822561
574000 36.3328 0.332779 1.66389
575000 35.653 -0.347029 -1.73514
576000 35.4335 -0.566548 -2.83274
577000 36.5582 0.558185 2.79093
578000 36.0443 0.0442588 0.221294
579000 35.5808 -0.4192 -2.096
580000 35.3178 -0.682221 -3.4111
581000 36.4775 0.477498 2.38749
582000 35.9156 -0.0844188 -0.422094
583000 36.3873 0.387324 1.93662
584000 36.4761 0.476075 2.38038
585000 36.3928 0.39276 1.9638
586000 36.5782 0.578181 2.8909
587000 35.2588 -0.741164 -3.70582
588000 35.0786 -0.921406 -4.60703
589000 36.5799 0.579898 2.89949
590000 37.1927 1.1927 5.96351
591000 36.3065 0.306493 1.53247
592000 36.6075 0.607479 3.03739
593000 36.857 0.856953 4.28476
594000 36.7415 0.741458 3.70729
595000 36.4592 0.459229 2.29614
596000 35.5363 -0.463662 -2.31831
597000 35.8705 -0.129501 -0.647507
598000 35.9354 -0.0646119 -0.323059
599000 35.2729 -0.727081 -3.63541
600000 35.7062 -0.29376 -1.4688
601000 35.9298 -0.0701999 -0.351
602000 35.708 -0.291961 -1.45981
603000 35.3627 -0.637274 -3.18637
604000 35.7421 -0.257922 -1.28961
605000 34.7558 -1.24419 -6.22097
606000 36.7947 0.79466 3.9733
607000 35.2228 -0.777167 -3.88584
608000 36.6477 0.647651 3.23826
609000 36.5787 0.578666 2.89333
610000 36.7425 0.742505 3.71252
611000 36.6231 0.623126 3.11563
612000 35.9484 -0.0516409 -0.258204
613000 35.6255 -0.374451 -1.87226
614000 35.4844 -0.515605 -2.57802
615000 35.3641 -0.63595 -3.17975
616000 36.082 0.0819739 0.409869
617000 36.3273 0.327332 1.63666
618000 36.0372 0.0372218 0.186109
619000 36.2622 0.26221 1.31105
620000 36.2032 0.203156 1.01578
621000 36.3998 0.399777 1.99889
622000 36.1534 0.153353 0.766764
623000 36.2626 0.262557 1.31279
624000 35.6078 -0.392228 -1.96114
625000 35.7921 -0.207911 -1.03955
626000 36.2753 0.275282 1.37641
627000 35.863 -0.136979 -0.684894
628000 36.2266 0.226551 1.13275
629000 35.5428 -0.457226 -2.28613
630000 35.6506 -0.349429 -1.74715
631000 35.7532 -0.246752 -1.23376
632000 36.3137 0.313716 1.56858
633000 36.5108 0.510825 2.55412
634000 36.2858 0.285813 1.42906
635000 36.6966 0.696572 3.48286
636000 36.3429 0.342874 1.71437
637000 36.4268 0.426816 2.13408
638000 35.5727 -0.427319 -2.1366
639000 35.5681 -0.43189 -2.15945
640000 36.7984 0.798381 3.9919
641000 36.6169 0.616855 3.08428
642000 36.4725 0.472529 2.36264
643000 35.9474 -0.0526279 -0.26314
644000 36.2781 0.278143 1.39071
645000 36.7986 0.798588 3.99294
646000 36.0604 0.060398 0.30199
647000 35.4424 -0.557576 -2.78788
648000 36.4163 0.416278 2.08139
649000 36.7992 0.799212 3.99606
650000 35.3387 -0.661259 -3.30629
651000 35.0617 -0.93825 -4.69125
652000 35.393 -0.607023 -3.03512
653000 36.184 0.183978 0.91989
654000 36.0255 0.0255499 0.127749
655000 35.0768 -0.923221 -4.61611
656000 36.2367 0.236657 1.18328
657000 36.1736 0.173599 0.867993
658000 36.6951 0.695094 3.47547
659000 35.3967 -0.603307 -3.01653
660000 35.7544 -0.245564 -1.22782
661000 34.4799 -1.52012 -7.60059
662000 36.1438 0.14377 0.718849
663000 35.62 -0.380005 -1.90003
664000 35.3136 -0.686428 -3.43214
665000 36.2673 0.267327 1.33664
666000 36.1222 0.122213 0.611064
667000 36.6385 0.638472 3.19236
668000 36.2594 0.25938 1.2969
669000 35.9038 -0.0961623 -0.480812
670000 36.6157 0.615661 3.07831
671000 35.4215 -0.578543 -2.89271
672000 36.0693 0.0692588 0.346294
673000 35.6455 -0.354518 -1.77259
674000 38.118 2.11803 10.5902
675000 36.5634 0.563363 2.81682
676000 35.7693 -0.230721 -1.15361
677000 35.0335 -0.96648 -4.8324
678000 34.2826 -1.71737 -8.58683
679000 35.6804 -0.319634 -1.59817
680000 36.6887 0.688721 3.44361
681000 35.8924 -0.107566 -0.537832
682000 35.9446 -0.0553561 -0.27678
683000 35.7407 -0.259313 -1.29656
684000 36.3864 0.386397 1.93199
685000 35.6548 -0.345239 -1.7262
686000 35.165 -0.834979 -4.17489
687000 34.9141 -1.08589 -5.42946
688000 35.6385 -0.361524 -1.80762
689000 35.9447 -0.0552775 -0.276388
690000 34.8142 -1.18582 -5.92909
691000 35.0995 -0.900512 -4.50256
692000 34.4808 -1.51919 -7.59596
693000 35.6039 -0.396097 -1.98049
694000 35.4567 -0.543277 -2.71638
695000 35.3619 -0.638145 -3.19073
696000 36.1564 0.156447 0.782233
697000 36.2985 0.29845 1.49225
698000 36.4448 0.44483 2.22415
699000 36.0843 0.0843334 0.421667
700000 35.5883 -0.411651 -2.05826
701000 35.9984 -0.0015917 -0.00795852
702000 36.0294 0.0293647 0.146823
703000 37.4483 1.44834 7.24172
704000 36.5445 0.544478 2.72239
705000 35.6762 -0.323802 -1.61901
706000 34.9628 -1.03716 -5.1858
707000 36.0247 0.0247383 0.123692
708000 36.3476 0.347626 1.73813
709000 36.3493 0.349337 1.74669
710000 35.4683 -0.53174 -2.6587
711000 36.4532 0.45319 2.26595
712000 36.4913 0.491274 2.45637
713000 36.8252 0.825242 4.12621
714000 35.5085 -0.491525 -2.45763
715000 35.9566 -0.0434132 -0.217066
716000 36.5927 0.592705 2.96353
717000 37.2812 1.28119 6.40595
718000 35.4666 -0.533398 -2.66699
719000 35.7393 -0.26074 -1.3037
720000 36.7851 0.785064 3.92532
721000 35.9356 -0.0643997 -0.321999
722000 35.5457 -0.454284 -2.27142
723000 35.1031 -0.896931 -4.48465
724000 36.1939 0.193868 0.969339
725000 36.8296 0.82963 4.14815
726000 36.1245 0.124518 0.62259
727000 35.1712 -0.828815 -4.14408
728000 35.7522 -0.247763 -1.23881
729000 36.86 0.859996 4.29998
730000 36.3763 0.376266 1.88133
731000 36.0377 0.0377029 0.188514
732000 36.1584 0.158361 0.791805
733000 36.1476 0.147581 0.737903
734000 35.6386 -0.361392 -1.80696
735000 34.7104 -1.28961 -6.44806
736000 35.4399 -0.560069 -2.80034
737000 36.1623 0.162258 0.811288
738000 36.503 0.502974 2.51487
739000 35.2043 -0.795659 -3.97829
740000 34.9485 -1.05146 -5.25729
741000 35.8622 -0.13783 -0.689149
742000 36.2371 0.237122 1.18561
743000 35.3548 -0.645229 -3.22614
744000 35.5057 -0.494261 -2.4713
745000 35.4255 -0.574543 -2.87272
746000 35.8501 -0.149945 -0.749726
747000 36.5723 0.572333 2.86167
748000 36.2366 0.236616 1.18308
749000 35.3024 -0.697577 -3.48789
750000 36.3457 0.345715 1.72857
751000 36.7808 0.780805 3.90402
752000 36.3777 0.377723 1.88862
753000 35.9094 -0.0906334 -0.453167
754000 35.2295 -0.770516 -3.85258
755000 35.1135 -0.886504 -4.43252
756000 36.0025 0.00251327 0.0125663
757000 36.1138 0.113814 0.569069
758000 35.7098 -0.290221 -1.4511
759000 36.3667 0.366661 1.83331
760000 35.2228 -0.777157 -3.88579
761000 36.0198 0.0197632 0.098816
762000 36.5932 0.59316 2.9658
763000 35.7755 -0.224505 -1.12252
764000 36.7315 0.731511 3.65755
765000 36.1571 0.157144 0.785719
766000 36.2532 0.253167 1.26584
767000 36.0604 0.0604121 0.302061
768000 35.4705 -0.529476 -2.64738
769000 35.2694 -0.730596 -3.65298
770000 36.4587 0.458694 2.29347
771000 35.9878 -0.0122449 -0.0612244
772000 35.9371 -0.062945 -0.314725
773000 36.5929 0.592898 2.96449
774000 36.5963 0.596299 2.9815
775000 35.9672 -0.0327984 -0.163992
776000 36.5068 0.50679 2.53395
777000 35.2871 -0.712925 -3.56462
778000 35.5771 -0.422945 -2.11472
779000 36.2076 0.20757 1.03785
780000 35.742 -0.258046 -1.29023
781000 35.8063 -0.193716 -0.968578
782000 36.0212 0.0212406 0.106203
783000 35.8261 -0.17393 -0.86965
784000 35.4696 -0.530408 -2.65204
785000 35.8554 -0.144626 -0.723131
786000 35.7937 -0.206334 -1.03167
787000 35.4316 -0.568428 -2.84214
788000 35.3499 -0.65008 -3.2504
789000 36.1934 0.193446 0.96723
790000 36.4693 0.46926 2.3463
791000 36.167 0.167039 0.835193
792000 36.1787 0.178741 0.893703
793000 35.6756 -0.324354 -1.62177
794000 34.8948 -1.10518 -5.52592
795000 35.879 -0.121025 -0.605124
796000 35.6712 -0.32881 -1.64405
797000 36.6242 0.62416 3.1208
798000 36.3086 0.308551 1.54275
799000 35.597 -0.403008 -2.01504
800000 35.3448 -0.655153 -3.27577
801000 35.9702 -0.0298049 -0.149025
802000 36.2587 0.258679 1.2934
803000 35.9104 -0.0895939 -0.44797
804000 36.7311 0.731083 3.65541
805000 37.085 1.08499 5.42493
806000 35.3557 -0.644275 -3.22137
807000 35.1595 -0.840533 -4.20266
808000 36.8742 0.874206 4.37103
809000 36.5003 0.5003 2.5015
810000 36.1554 0.155363 0.776817
811000 35.832 -0.167998 -0.839992
812000 35.9157 -0.0843442 -0.421721
813000 35.8712 -0.128803 -0.644013
814000 36.5223 0.522322 2.61161
815000 36.0875 0.087503 0.437515
816000 36.1491 0.149064 0.74532
817000 36.7624 0.762407 3.81204
818000 35.5936 -0.406381 -2.03191
819000 35.4492 -0.550774 -2.75387
820000 35.3888 -0.611167 -3.05584
821000 36.1064 0.106367 0.531833
822000 36.1207 0.120708 0.603542
823000 35.9725 -0.0275231 -0.137615
824000 35.9742 -0.0258157 -0.129079
825000 34.7576 -1.24242 -6.21209
826000 34.7375 -1.26254 -6.31269
827000 36.6416 0.641625 3.20813
828000 35.5445 -0.455502 -2.27751
829000 36.6867 0.686718 3.43359
830000 36.64 0.639965 3.19982
831000 36.8017 0.80169 4.00845
832000 37.1031 1.10306 5.51529
833000 37.1157 1.11569 5.57844
834000 35.2228 -0.777246 -3.88623
835000 35.5814 -0.418553 -2.09276
836000 36.6992 0.699188 3.49594
837000 36.3336 0.333621 1.66811
838000 36.1988 0.198765 0.993823
839000 36.4553 0.455347 2.27673
840000 35.9937 -0.00633334 -0.0316667
841000 37.1023 1.10226 5.51128
842000 35.3986 -0.60135 -3.00675
843000 36.2978 0.297787 1.48893
844000 35.8605 -0.139484 -0.69742
845000 37.3284 1.32838 6.64188
846000 35.3524 -0.647587 -3.23794
847000 36.1675 0.167451 0.837254
848000 36.2671 0.267127 1.33563
849000 36.1865 0.186523 0.932613
850000 36.302 0.302039 1.5102
851000 36.5006 0.500633 2.50317
852000 35.4527 -0.547311 -2.73655
853000 36.5189 0.518916 2.59458
854000 35.7068 -0.293185 -1.46592
855000 36.0507 0.0506954 0.253477
856000 36.1854 0.185388 0.926941
857000 35.4973 -0.502714 -2.51357
858000 35.3374 -0.662638 -3.31319
859000 37.2892 1.28925 6.44623
860000 36.8563 0.85626 4.2813
861000 36.289 0.288959 1.44479
862000 36.2352 0.235178 1.17589
863000 36.1885 0.188467 0.942335
864000 36.1041 0.104052 0.52026
865000 35.9654 -0.0346375 -0.173188
866000 35.8116 -0.188449 -0.942247
867000 35.6453 -0.35465 -1.77325
868000 36.9826 0.982588 4.91294
869000 36.5781 0.578052 2.89026
870000 36.5606 0.560647 2.80323
871000 35.9889 -0.0110949 -0.0554744
872000 34.5931 -1.40685 -7.03426
873000 36.2092 0.209238 1.04619
874000 37.0329 1.0329 5.16449
875000 36.4143 0.414291 2.07145
876000 35.6777 -0.322303 -1.61151
877000 35.8203 -0.179653 -0.898264
878000 35.8911 -0.108871 -0.544353
879000 36.1331 0.133119 0.665597
880000 35.7433 -0.256699 -1.28349
881000 36.8151 0.815062 4.07531
882000 35.765 -0.235005 -1.17503
883000 36.4881 0.488122 2.44061
884000 36.2385 0.238522 1.19261
885000 36.1322 0.132232 0.661162
886000 36.0178 0.0177537 0.0887684
887000 36.2872 0.287186 1.43593
888000 35.5519 -0.448092 -2.24046
889000 36.5789 0.578894 2.89447
890000 36.9071 0.907141 4.5357
891000 37.0251 1.0251 5.1255
892000 36.0013 0.00126924 0.00634619
893000 36.5367 0.536689 2.68345
894000 36.3751 0.375075 1.87537
895000 34.8309 -1.16909 -5.84547
896000 36.079 0.079037 0.395185
897000 36.2339 0.233865 1.16932
898000 36.5704 0.570363 2.85182
899000 36.0098 0.00983142 0.0491571
900000 36.0253 0.0252825 0.126412
901000 36.5407 0.540725 2.70363
902000 36.8313 0.831334 4.15667
903000 36.5283 0.528292 2.64146
904000 35.929 -0.0709652 -0.354826
905000 37.0783 1.07833 5.39166
906000 36.5589 0.558895 2.79447
907000 35.7459 -0.254089 -1.27044
908000 36.5143 0.51426 2.5713
909000 35.8482 -0.151758 -0.758791
910000 36.1715 0.171547 0.857733
911000 35.941 -0.058964 -0.29482
912000 35.9395 -0.0605221 -0.302611
913000 36.6952 0.695228 3.47614
914000 36.6018 0.60176 3.0088
915000 36.4006 0.400581 2.00291
916000 35.9651 -0.0348923 -0.174462
917000 35.7734 -0.226562 -1.13281
918000 35.6636 -0.336374 -1.68187
919000 36.136 0.136033 0.680163
920000 35.9643 -0.0356537 -0.178269
921000 35.6312 -0.368807 -1.84404
922000 35.9999 -0.000108864 -0.00054432
923000 36.4995 0.499547 2.49774
924000 35.7337 -0.26626 -1.3313
925000 36.681 0.681004 3.40502
926000 37.0956 1.0956 5.478
927000 36.5613 0.561306 2.80653
928000 36.3294 0.329442 1.64721
929000 35.0307 -0.969302 -4.84651
930000 35.3693 -0.630713 -3.15356
931000 36.3199 0.319921 1.5996
932000 36.601 0.601004 3.00502
933000 35.3718 -0.628222 -3.14111
934000 36.3632 0.363208 1.81604
935000 36.1738 0.173846 0.86923
936000 35.6319 -0.368109 -1.84055
937000 36.166 0.165994 0.829969
938000 36.6553 0.655272 3.27636
939000 35.5761 -0.42393 -2.11965
940000 36.6602 0.660233 3.30116
941000 36.6531 0.653109 3.26554
942000 35.6606 -0.339362 -1.69681
943000 35.1314 -0.868576 -4.34288
944000 35.8683 -0.131667 -0.658335
945000 35.3614 -0.63863 -3.19315
946000 35.8027 -0.197324 -0.986622
947000 36.7764 0.776443 3.88221
948000 35.7821 -0.217914 -1.08957
949000 35.9008 -0.0991613 -0.495807
950000 35.9498 -0.050176 -0.25088
951000 36.8359 0.835912 4.17956
952000 37.6575 1.65751 8.28753
953000 36.3297 0.32967 1.64835
954000 35.7207 -0.279256 -1.39628
955000 35.5183 -0.481716 -2.40858
956000 35.2586 -0.741364 -3.70682
957000 35.9002 -0.0997696 -0.498848
958000 36.4871 0.487081 2.4354
959000 35.1406 -0.859359 -4.2968
960000 35.8756 -0.124412 -0.622059
961000 36.0072 0.00721247 0.0360624
962000 35.7227 -0.27726 -1.3863
963000 36.0251 0.0250807 0.125403
964000 35.3415 -0.658518 -3.29259
965000 35.3565 -0.643462 -3.21731
966000 35.9092 -0.0907504 -0.453752
967000 36.5625 0.56247 2.81235
968000 35.4434 -0.556649 -2.78325
969000 35.3986 -0.601447 -3.00724
970000 35.1661 -0.833894 -4.16947
971000 35.6397 -0.360278 -1.80139
972000 36.3072 0.30723 1.53615
973000 35.7528 -0.24722 -1.2361
974000 36.1505 0.15052 0.752601
975000 36.2196 0.219626 1.09813
976000 35.11 -0.889981 -4.4499
977000 35.3859 -0.614079 -3.07039
978000 35.9891 -0.0108836 -0.0544182
979000 37.0615 1.06151 5.30754
980000 34.9533 -1.0467 -5.23349
981000 35.205 -0.794973 -3.97486
982000 35.8318 -0.168208 -0.841042
983000 36.3026 0.302624 1.51312
984000 35.6379 -0.362062 -1.81031
985000 36.271 0.270976 1.35488
986000 36.3024 0.302358 1.51179
987000 37.1712 1.17117 5.85585
988000 36.4449 0.444868 2.22434
989000 36.0562 0.0562344 0.281172
990000 36.3471 0.34706 1.7353
991000 36.1265 0.126516 0.632582
992000 35.2457 -0.754284 -3.77142
993000 35.4194 -0.580634 -2.90317
994000 36.0047 0.00471059 0.0235529
995000 36.0586 0.0585858 0.292929
996000 36.2201 0.220054 1.10027
997000 35.7288 -0.271211 -1.35606
998000 37.2254 1.22542 6.1271
999000 35.3787 -0.621344 -3.10672
1000000 35.6728 -0.327171 -1.63585
1001000 35.2163 -0.783665 -3.91832
1002000 36.3014 0.301416 1.50708
1003000 36.5331 0.533142 2.66571
1004000 35.6268 -0.373163 -1.86582
1005000 36.3474 0.347392 1.73696
1006000 35.9981 -0.00188612 -0.0094306
1007000 35.8859 -0.114094 -0.570471
1008000 35.9045 -0.0954568 -0.477284
1009000 36.385 0.38505 1.92525
1010000 35.7829 -0.21712 -1.0856
1011000 36.0362 0.036217 0.181085
1012000 35.2512 -0.748793 -3.74396
1013000 35.6438 -0.35624 -1.7812
1014000 36.9574 0.957411 4.78706
1015000 36.3948 0.394764 1.97382
1016000 36.1349 0.134944 0.674722
1017000 35.4521 -0.5479 -2.7395
1018000 35.1948 -0.805175 -4.02587
1019000 35.7692 -0.230767 -1.15383
1020000 35.7567 -0.243276 -1.21638
1021000 35.6997 -0.30025 -1.50125
1022000 35.3587 -0.641257 -3.20629
1023000 35.5758 -0.424226 -2.12113
1024000 35.4016 -0.598432 -2.99216
1025000 36.9698 0.969762 4.84881
1026000 36.2222 0.222194 1.11097
1027000 36.7982 0.798168 3.99084
1028000 36.4104 0.410395 2.05198
1029000 36.3805 0.380498 1.90249
1030000 35.865 -0.135039 -0.675194
1031000 36.7113 0.711257 3.55628
1032000 35.3174 -0.682606 -3.41303
1033000 36.6931 0.693081 3.4654
1034000 35.1632 -0.836833 -4.18416
1035000 36.0024 0.00241953 0.0120977
1036000 36.4116 0.411559 2.05779
1037000 36.0778 0.0778034 0.389017
1038000 35.6851 -0.314929 -1.57464
1039000 35.7621 -0.237853 -1.18926
1040000 35.9338 -0.0661838 -0.330919
1041000 35.8643 -0.13573 -0.678649
1042000 35.0669 -0.933092 -4.66546
1043000 35.5413 -0.458652 -2.29326
1044000 35.0368 -0.963233 -4.81617
1045000 36.6125 0.612455 3.06227
1046000 36.5255 0.525544 2.62772
1047000 36.0173 0.0173335 0.0866675
1048000 35.5292 -0.470813 -2.35406
1049000 35.4993 -0.500746 -2.50373
1050000 36.2474 0.247433 1.23717
1051000 36.1239 0.123944 0.619719
1052000 35.7768 -0.22317 -1.11585
1053000 35.7219 -0.278052 -1.39026
1054000 36.1709 0.170852 0.854258
1055000 36.8268 0.826817 4.13409
1056000 36.0651 0.0650667 0.325334
1057000 36.729 0.729048 3.64524
1058000 35.6377 -0.362318 -1.81159
1059000 36.4236 0.423603 2.11801
1060000 36.076 0.0760404 0.380202
1061000 35.5263 -0.473669 -2.36834
1062000 34.8069 -1.19314 -5.96568
1063000 37.0379 1.03789 5.18946
1064000 36.0584 0.0583886 0.291943
1065000 35.8419 -0.158072 -0.79036
1066000 35.4619 -0.538085 -2.69042
1067000 35.3847 -0.615257 -3.07629
1068000 36.2049 0.204948 1.02474
1069000 36.967 0.966983 4.83492
1070000 36.1179 0.117934 0.589668
1071000 35.5198 -0.48022 -2.4011
1072000 37.0718 1.07182 5.35909
1073000 36.3548 0.354757 1.77378
1074000 35.4474 -0.552611 -2.76306
1075000 35.631 -0.369024 -1.84512
1076000 35.6723 -0.327688 -1.63844
1077000 35.7268 -0.273199 -1.36599
1078000 36.5841 0.584091 2.92046
1079000 37.2082 1.2082 6.04099
1080000 36.7642 0.764211 3.82106
1081000 36.9331 0.933126 4.66563
1082000 36.4783 0.478262 2.39131
1083000 36.6391 0.639124 3.19562
1084000 35.8373 -0.162712 -0.813558
1085000 35.5131 -0.486918 -2.43459
1086000 35.7234 -0.276572 -1.38286
1087000 36.4651 0.4651 2.3255
1088000 35.9509 -0.0490699 -0.245349
1089000 36.0504 0.05041 0.25205
1090000 36.3559 0.355854 1.77927
1091000 37.0986 1.09855 5.49277
1092000 36.3025 0.302508 1.51254
1093000 36.5156 0.515634 2.57817
1094000 36.2882 0.28825 1.44125
1095000 35.7712 -0.228756 -1.14378
1096000 35.8048 -0.195227 -0.976137
1097000 35.6373 -0.362655 -1.81327
1098000 35.6701 -0.329907 -1.64953
1099000 35.5642 -0.435757 -2.17879
1100000 36.2755 0.275516 1.37758
1101000 35.6168 -0.383185 -1.91593
1102000 35.7284 -0.271613 -1.35806
1103000 36.5758 0.575792 2.87896
1104000 36.6508 0.650753 3.25376
1105000 36.0371 0.0370647 0.185324
1106000 36.219 0.218963 1.09482
1107000 36.2482 0.248159 1.24079
1108000 36.7832 0.783236 3.91618
1109000 36.11 0.109978 0.549889
1110000 36.3688 0.368818 1.84409
1111000 35.5875 -0.412512 -2.06256
1112000 35.767 -0.233048 -1.16524
1113000 35.3361 -0.663861 -3.3193
1114000 34.908 -1.09205 -5.46024
1115000 36.9753 0.975304 4.87652
1116000 36.6234 0.623393 3.11696
1117000 36.4581 0.458097 2.29048
1118000 35.296 -0.703963 -3.51981
1119000 35.5427 -0.457286 -2.28643
1120000 35.7904 -0.209605 -1.04802
1121000 35.3218 -0.678153 -3.39076
1122000 36.1415 0.141547 0.707733
1123000 36.2427 0.24271 1.21355
1124000 35.7143 -0.285746 -1.42873
1125000 35.0923 -0.90767 -4.53835
1126000 36.4625 0.462518 2.31259
1127000 35.9694 -0.0305856 -0.152928
1128000 35.6867 -0.313303 -1.56652
1129000 34.8408 -1.15921 -5.79603
1130000 35.308 -0.691971 -3.45985
1131000 35.1879 -0.812067 -4.06033
1132000 34.9955 -1.00447 -5.02237
1133000 36.2495 0.249482 1.24741
1134000 36.3611 0.361123 1.80561
1135000 36.2343 0.234286 1.17143
1136000 36.4977 0.497672 2.48836
1137000 37.1078 1.10776 5.53882
1138000 36.1638 0.163841 0.819204
1139000 35.4237 -0.576346 -2.88173
1140000 35.5183 -0.481716 -2.40858
1141000 35.7435 -0.256468 -1.28234
1142000 34.7501 -1.24992 -6.24958
1143000 36.6021 0.602065 3.01033
1144000 35.1037 -0.896253 -4.48127
1145000 35.6379 -0.362093 -1.81047
1146000 35.5154 -0.48462 -2.4231
1147000 36.4323 0.432311 2.16155
1148000 36.0233 0.0233112 0.116556
1149000 36.1074 0.107412 0.537062
1150000 36.2161 0.21611 1.08055
1151000 36.1273 0.127344 0.636722
1152000 36.438 0.438041 2.1902
1153000 35.7912 -0.208776 -1.04388
1154000 36.0515 0.0515423 0.257711
1155000 36.5916 0.591634 2.95817
1156000 36.3868 0.386834 1.93417
1157000 35.1566 -0.843431 -4.21716
1158000 35.859 -0.140993 -0.704965
1159000 36.5214 0.521432 2.60716
1160000 37.0647 1.06466 5.3233
1161000 36.1525 0.152467 0.762334
1162000 35.9303 -0.0696699 -0.34835
1163000 34.9414 -1.05865 -5.29323
1164000 35.6177 -0.382344 -1.91172
1165000 36.1793 0.179322 0.896609
1166000 36.3638 0.363771 1.81886
1167000 35.4988 -0.501219 -2.50609
1168000 35.1108 -0.889217 -4.44608
1169000 36.112 0.112039 0.560194
1170000 37.1471 1.14707 5.73536
1171000 36.2263 0.226293 1.13146
1172000 35.3764 -0.623578 -3.11789
1173000 36.0578 0.0577961 0.28898
1174000 35.9045 -0.0954838 -0.477419
1175000 36.0804 0.0803825 0.401913
1176000 36.1317 0.131745 0.658727
1177000 36.7417 0.741683 3.70842
1178000 36.1431 0.143072 0.715358
1179000 36.4741 0.474147 2.37074
1180000 35.0793 -0.920727 -4.60364
1181000 35.8948 -0.105158 -0.525791
1182000 35.867 -0.132969 -0.664847
1183000 36.8638 0.863826 4.31913
1184000 35.6235 -0.376509 -1.88255
1185000 35.9821 -0.0178517 -0.0892586
1186000 37.3562 1.35623 6.78113
1187000 35.8425 -0.157539 -0.787697
1188000 34.828 -1.17201 -5.86004
1189000 35.9391 -0.0608671 -0.304335
1190000 36.3972 0.39721 1.98605
1191000 36.8379 0.837912 4.18956
1192000 35.9858 -0.0142123 -0.0710616
1193000 36.2545 0.254499 1.2725
1194000 35.9195 -0.0805116 -0.402558
1195000 36.2783 0.278271 1.39135
1196000 36.139 0.138971 0.694854
1197000 35.5343 -0.465701 -2.3285
1198000 37.028 1.02796 5.13979
1199000 36.5612 0.561229 2.80615
1200000 35.6283 -0.371715 -1.85857
1201000 36.2112 0.21122 1.0561
1202000 36.5294 0.529376 2.64688
1203000 36.6556 0.655586 3.27793
1204000 35.9457 -0.0543237 -0.271618
1205000 36.1841 0.184062 0.920309
1206000 36.986 0.985965 4.92983
1207000 35.1172 -0.8828 -4.414
1208000 35.6976 -0.302366 -1.51183
1209000 35.3665 -0.633538 -3.16769
1210000 35.8395 -0.160525 -0.802627
1211000 36.2891 0.289057 1.44528
1212000 36.0369 0.0369299 0.18465
1213000 35.5781 -0.421883 -2.10942
1214000 35.7418 -0.258193 -1.29097
1215000 36.4243 0.424335 2.12168
1216000 36.4627 0.462653 2.31326
1217000 35.85 -0.149982 -0.749908
1218000 35.8053 -0.19473 -0.973648
1219000 36.3618 0.361817 1.80908
1220000 36.4977 0.497735 2.48867
1221000 37.476 1.476 7.37999
1222000 35.7016 -0.29841 -1.49205
1223000 35.4646 -0.535351 -2.67676
1224000 35.9212 -0.0787807 -0.393904
1225000 35.1133 -0.886716 -4.43358
1226000 35.1594 -0.840594 -4.20297
1227000 35.8353 -0.16471 -0.82355
1228000 36.0429 0.0428837 0.214418
1229000 35.3219 -0.678091 -3.39046
1230000 35.7072 -0.292773 -1.46387
1231000 35.9562 -0.0437982 -0.218991
1232000 36.8456 0.845564 4.22782
1233000 36.9342 0.934203 4.67101
1234000 35.6551 -0.344892 -1.72446
1235000 36.4334 0.433382 2.16691
1236000 36.1078 0.107755 0.538773
1237000 36.6269 0.626911 3.13456
1238000 35.1635 -0.836474 -4.18237
1239000 36.1307 0.130679 0.653396
1240000 35.8831 -0.116924 -0.584619
1241000 35.9539 -0.0461366 -0.230683
1242000 36.3245 0.324505 1.62253
1243000 35.5018 -0.498151 -2.49076
1244000 35.4817 -0.518293 -2.59147
1245000 35.9909 -0.00912438 -0.0456219
1246000 35.6482 -0.351796 -1.75898
1247000 35.854 -0.146026 -0.730131
1248000 36.6748 0.674843 3.37421
1249000 35.5751 -0.424874 -2.12437
1250000 35.9696 -0.0303698 -0.151849
1251000 35.972 -0.0280307 -0.140154
1252000 36.0453 0.045261 0.226305
1253000 36.6441 0.644061 3.22031
1254000 36.2034 0.203409 1.01705
1255000 35.5652 -0.434791 -2.17395
1256000 36.153 0.15297 0.764851
1257000 35.2913 -0.708682 -3.54341
1258000 36.507 0.507032 2.53516
1259000 36.5897 0.5897 2.9485
1260000 37.0556 1.05558 5.27788
1261000 36.2852 0.28523 1.42615
1262000 34.8773 -1.12273 -5.61367
1263000 35.3083 -0.691712 -3.45856
1264000 35.2392 -0.760783 -3.80392
1265000 35.8397 -0.160284 -0.801418
1266000 35.541 -0.459004 -2.29502
1267000 36.0451 0.0450525 0.225263
1268000 36.2964 0.296428 1.48214
1269000 36.525 0.524995 2.62498
1270000 35.4501 -0.549862 -2.74931
1271000 35.5951 -0.404861 -2.02431
1272000 36.2072 0.207152 1.03576
1273000 36.6316 0.631631 3.15816
1274000 34.7981 -1.20188 -6.00941
1275000 35.1881 -0.811884 -4.05942
1276000 36.0137 0.0136868 0.0684342
1277000 35.8104 -0.189621 -0.948103
1278000 35.4718 -0.528178 -2.64089
1279000 35.7874 -0.212576 -1.06288
1280000 36.2635 0.263471 1.31735
1281000 36.0973 0.0972821 0.48641
1282000 36.0424 0.0423942 0.211971
1283000 35.0618 -0.93821 -4.69105
1284000 37.0374 1.03736 5.18682
1285000 35.8278 -0.172215 -0.861073
1286000 35.6994 -0.300595 -1.50298
1287000 35.8237 -0.176261 -0.881305
1288000 36.1714 0.171408 0.85704
1289000 35.35 -0.64999 -3.24995
1290000 35.8164 -0.183605 -0.918027
1291000 35.6415 -0.358487 -1.79243
1292000 35.3439 -0.656099 -3.28049
1293000 35.4579 -0.542055 -2.71027
1294000 35.9242 -0.0758127 -0.379063
1295000 36.373 0.373002 1.86501
1296000 36.8185 0.818542 4.09271
1297000 36.3442 0.344159 1.7208
1298000 35.9918 -0.00815269 -0.0407635
1299000 36.0795 0.0795387 0.397694
1300000 36.5425 0.542475 2.71237
1301000 35.4486 -0.55145 -2.75725
1302000 36.5537 0.553742 2.76871
1303000 35.5507 -0.449306 -2.24653
1304000 35.5614 -0.438555 -2.19278
1305000 35.4242 -0.575779 -2.87889
1306000 35.2444 -0.755592 -3.77796
1307000 35.4059 -0.594073 -2.97037
1308000 36.7971 0.797092 3.98546
1309000 36.1339 0.13393 0.669652
1310000 36.9107 0.910729 4.55365
1311000 36.3682 0.368244 1.84122
1312000 35.9074 -0.0926359 -0.463179
1313000 34.9783 -1.02168 -5.10839
1314000 36.3506 0.350644 1.75322
1315000 36.1054 0.105359 0.526794
1316000 36.4251 0.425147 2.12573
1317000 36.1377 0.137723 0.688614
1318000 36.8766 0.876618 4.38309
1319000 35.9084 -0.0916284 -0.458142
1320000 35.2251 -0.774851 -3.87425
1321000 36.3937 0.393706 1.96853
1322000 35.8498 -0.150244 -0.75122
1323000 35.7555 -0.244517 -1.22258
1324000 36.1139 0.113946 0.569732
1325000 35.5192 -0.48078 -2.4039
1326000 36.4691 0.469083 2.34542
1327000 35.8979 -0.102145 -0.510725
1328000 35.9918 -0.00817287 -0.0408643
1329000 36.5039 0.503883 2.51942
1330000 35.6426 -0.357439 -1.78719
1331000 35.9191 -0.0808648 -0.404324
1332000 36.2776 0.277582 1.38791
1333000 36.2152 0.215229 1.07615
1334000 36.1971 0.197129 0.985645
1335000 36.2475 0.247488 1.23744
1336000 35.5308 -0.469182 -2.34591
1337000 36.155 0.15503 0.775152
1338000 35.678 -0.321951 -1.60976
1339000 35.4468 -0.553212 -2.76606
1340000 36.9043 0.904311 4.52155
1341000 36.0921 0.0920671 0.460335
1342000 36.5799 0.579919 2.89959
1343000 35.5665 -0.433513 -2.16756
1344000 36.0996 0.0995758 0.497879
1345000 35.7703 -0.229735 -1.14868
1346000 35.9436 -0.0563721 -0.28186
1347000 35.4559 -0.544071 -2.72036
1348000 35.9673 -0.0327043 -0.163521
1349000 36.2209 0.220911 1.10455
1350000 36.8503 0.850261 4.2513
1351000 35.6254 -0.374647 -1.87323
1352000 36.4308 0.43075 2.15375
1353000 35.5001 -0.499929 -2.49964
1354000 35.8467 -0.153341 -0.766707
1355000 36.1744 0.174373 0.871863
1356000 35.6814 -0.318644 -1.59322
1357000 35.8684 -0.131599 -0.657996
1358000 36.3375 0.337526 1.68763
1359000 36.5903 0.590338 2.95169
1360000 36.0944 0.094377 0.471885
1361000 36.082 0.0820368 0.410184
1362000 35.6814 -0.318647 -1.59323
1363000 35.4341 -0.565889 -2.82945
1364000 35.8497 -0.150279 -0.751393
1365000 35.5463 -0.453701 -2.26851
1366000 36.3521 0.352067 1.76033
1367000 35.0455 -0.954545 -4.77273
1368000 35.818 -0.182016 -0.910078
1369000 35.9209 -0.0791316 -0.395658
1370000 35.0592 -0.940795 -4.70397
1371000 35.9195 -0.0804746 -0.402373
1372000 36.1183 0.118329 0.591646
1373000 35.9744 -0.0256061 -0.12803
1374000 35.9323 -0.0677442 -0.338721
1375000 36.2225 0.22252 1.1126
1376000 35.7683 -0.231665 -1.15833
1377000 36.6768 0.676757 3.38378
1378000 36.275 0.275035 1.37518
1379000 35.7555 -0.244519 -1.2226
1380000 35.1424 -0.857582 -4.28791
1381000 35.9157 -0.0842829 -0.421415
1382000 36.3647 0.364735 1.82367
1383000 35.6454 -0.354635 -1.77317
1384000 36.3839 0.383871 1.91935
1385000 35.7859 -0.214102 -1.07051
1386000 35.7353 -0.264707 -1.32354
1387000 35.9112 -0.0888092 -0.444046
1388000 36.6224 0.622356 3.11178
1389000 36.0533 0.0532603 0.266302
1390000 36.3825 0.38248 1.9124
1391000 37.9255 1.92545 9.62725
1392000 36.5805 0.580486 2.90243
1393000 36.5189 0.518912 2.59456
1394000 35.6224 -0.377616 -1.88808
1395000 36.1125 0.112477 0.562386
1396000 36.0541 0.0541204 0.270602
1397000 36.0984 0.098427 0.492135
1398000 36.7168 0.716807 3.58404
1399000 35.7472 -0.252843 -1.26422
1400000 35.8773 -0.122737 -0.613687
1401000 36.7856 0.785638 3.92819
1402000 36.3729 0.372888 1.86444
1403000 36.083 0.0829945 0.414973
1404000 35.9344 -0.0655785 -0.327893
1405000 35.746 -0.254047 -1.27024
1406000 35.3998 -0.600222 -3.00111
1407000 36.6894 0.689397 3.44699
1408000 36.2915 0.291534 1.45767
1409000 35.8985 -0.101489 -0.507446
1410000 36.3467 0.346721 1.73361
1411000 36.0082 0.0082471 0.0412355
1412000 35.7694 -0.230582 -1.15291
1413000 36.5859 0.585876 2.92938
1414000 35.0265 -0.973462 -4.86731
1415000 36.5693 0.569326 2.84663
1416000 36.2151 0.215128 1.07564
1417000 35.7727 -0.227311 -1.13656
1418000 36.2653 0.265292 1.32646
1419000 35.9278 -0.0721707 -0.360854
1420000 35.8832 -0.116775 -0.583874
1421000 36.156 0.155953 0.779766
1422000 35.9671 -0.0328599 -0.164299
1423000 36.1066 0.106611 0.533056
1424000 36.215 0.214967 1.07483
1425000 35.6429 -0.357068 -1.78534
1426000 35.9232 -0.0768277 -0.384138
1427000 35.7904 -0.209566 -1.04783
1428000 35.0744 -0.925613 -4.62807
1429000 34.901 -1.09902 -5.4951
1430000 34.8091 -1.19091 -5.95453
1431000 36.4833 0.483258 2.41629
1432000 35.574 -0.42603 -2.13015
1433000 37.3627 1.36275 6.81374
1434000 36.1131 0.113106 0.565532
1435000 35.9404 -0.0596387 -0.298194
1436000 36.0017 0.00174144 0.00870718
1437000 34.9152 -1.08478 -5.42391
1438000 36.151 0.151012 0.755059
1439000 36.8283 0.828286 4.14143
1440000 36.8887 0.88874 4.4437
1441000 37.2915 1.29149 6.45744
1442000 34.5279 -1.47209 -7.36044
1443000 35.2302 -0.769836 -3.84918
1444000 36.8869 0.886857 4.43428
1445000 35.9581 -0.0418622 -0.209311
1446000 36.043 0.0430126 0.215063
1447000 35.075 -0.924962 -4.62481
1448000 34.5743 -1.4257 -7.12851
1449000 35.0312 -0.968793 -4.84396
1450000 36.5685 0.568452 2.84226
1451000 35.8573 -0.142671 -0.713357
1452000 35.5197 -0.480288 -2.40144
1453000 35.8851 -0.114943 -0.574716
1454000 35.9599 -0.0401029 -0.200515
1455000 35.9978 -0.00216461 -0.0108231
1456000 35.994 -0.00601837 -0.0300918
1457000 35.5097 -0.49033 -2.45165
1458000 36.0039 0.00387708 0.0193854
1459000 37.2017 1.2017 6.0085
1460000 36.4473 0.447312 2.23656
1461000 36.4218 0.421786 2.10893
1462000 35.6232 -0.376838 -1.88419
1463000 35.5833 -0.41672 -2.0836
1464000 35.9301 -0.069889 -0.349445
1465000 35.4105 -0.589461 -2.9473
1466000 35.7014 -0.298643 -1.49322
1467000 35.8098 -0.190227 -0.951134
1468000 35.6867 -0.313324 -1.56662
1469000 35.6518 -0.348166 -1.74083
1470000 36.6158 0.61578 3.0789
1471000 35.4131 -0.586912 -2.93456
1472000 35.6511 -0.348853 -1.74426
1473000 36.47 0.470045 2.35022
1474000 36.5557 0.555745 2.77872
1475000 35.9278 -0.0721735 -0.360868
1476000 36.7335 0.733476 3.66738
1477000 35.4548 -0.545173 -2.72586
1478000 35.3246 -0.67537 -3.37685
1479000 34.8006 -1.1994 -5.99701
1480000 35.9249 -0.0750606 -0.375303
1481000 36.5509 0.550869 2.75435
1482000 36.947 0.946984 4.73492
1483000 37.3269 1.32692 6.63462
1484000 36.2033 0.203281 1.0164
1485000 35.429 -0.570995 -2.85498
1486000 35.7374 -0.26258 -1.3129
1487000 35.4928 -0.507188 -2.53594
1488000 36.1264 0.126436 0.632178
1489000 35.1216 -0.878388 -4.39194
1490000 35.0116 -0.988362 -4.94181
1491000 35.1276 -0.872385 -4.36193
1492000 36.4148 0.414847 2.07424
1493000 36.1536 0.153586 0.767928
1494000 35.7577 -0.24225 -1.21125
1495000 36.3272 0.327194 1.63597
1496000 36.4576 0.457566 2.28783
1497000 35.4331 -0.566862 -2.83431
1498000 35.8045 -0.195479 -0.977393
1499000 36.6233 0.623258 3.11629
1500000 35.8171 -0.182888 -0.914439
1501000 36.1376 0.137632 0.688158
1502000 36.4102 0.410178 2.05089
1503000 35.9085 -0.0914869 -0.457435
1504000 36.6556 0.655631 3.27816
1505000 35.9143 -0.0857009 -0.428504
1506000 36.0923 0.0922852 0.461426
1507000 35.9271 -0.072905 -0.364525
1508000 36.3908 0.390822 1.95411
1509000 35.8844 -0.115609 -0.578043
1510000 35.6905 -0.309493 -1.54747
1511000 36.4923 0.492251 2.46126
1512000 35.9549 -0.0451363 -0.225681
1513000 35.7648 -0.235173 -1.17587
1514000 35.4664 -0.533594 -2.66797
1515000 36.4286 0.428617 2.14308
1516000 35.8797 -0.120255 -0.601273
1517000 36.9512 0.95117 4.75585
1518000 37.1402 1.14022 5.70112
1519000 36.6516 0.651575 3.25788
1520000 36.5891 0.589108 2.94554
1521000 36.639 0.63898 3.1949
1522000 35.6758 -0.324195 -1.62097
1523000 35.4416 -0.558356 -2.79178
1524000 36.3785 0.378536 1.89268
1525000 35.9479 -0.0520939 -0.26047
1526000 37.0173 1.01733 5.08666
1527000 36.0869 0.0868715 0.434357
1528000 35.555 -0.444992 -2.22496
1529000 35.3753 -0.624716 -3.12358
1530000 36.1156 0.115587 0.577934
1531000 36.5142 0.514211 2.57105
1532000 36.2144 0.214409 1.07204
1533000 36.3818 0.381835 1.90917
1534000 36.4098 0.409784 2.04892
1535000 36.4551 0.455055 2.27528
1536000 35.8395 -0.160505 -0.802525
1537000 37.0962 1.09624 5.48119
1538000 36.6833 0.683301 3.41651
1539000 36.2498 0.249842 1.24921
1540000 35.6307 -0.369296 -1.84648
1541000 36.5992 0.599178 2.99589
1542000 37.1339 1.13389 5.66944
1543000 37.4675 1.46754 7.33771
1544000 35.8418 -0.158241 -0.791205
1545000 36.317 0.316951 1.58476
1546000 35.8254 -0.174557 -0.872787
1547000 36.0454 0.0453819 0.226909
1548000 35.9022 -0.0977939 -0.488969
1549000 35.9916 -0.00839012 -0.0419506
1550000 35.8659 -0.134057 -0.670285
1551000 35.4619 -0.538139 -2.69069
1552000 35.4975 -0.502461 -2.5123
1553000 36.383 0.383006 1.91503
1554000 36.3826 0.382648 1.91324
1555000 36.2722 0.272183 1.36091
1556000 34.6453 -1.35471 -6.77356
1557000 35.6082 -0.391761 -1.95881
1558000 35.2741 -0.725934 -3.62967
1559000 36.8429 0.842885 4.21442
1560000 35.785 -0.214977 -1.07488
1561000 36.0621 0.0620688 0.310344
1562000 36.6863 0.686326 3.43163
1563000 36.1359 0.13593 0.679651
1564000 35.6992 -0.300844 -1.50422
1565000 36.6378 0.637755 3.18877
1566000 36.2912 0.291243 1.45622
1567000 35.4102 -0.589803 -2.94902
1568000 34.9111 -1.08889 -5.44443
1569000 36.1262 0.126241 0.631206
1570000 36.1802 0.180204 0.901019
1571000 36.2781 0.278102 1.39051
1572000 36.7968 0.796774 3.98387
1573000 36.7021 0.702056 3.51028
1574000 37.2078 1.20785 6.03924
1575000 36.6624 0.66238 3.3119
1576000 37.0242 1.02425 5.12125
1577000 35.6643 -0.335693 -1.67846
1578000 35.5936 -0.406436 -2.03218
1579000 34.8476 -1.15242 -5.76211
1580000 36.0349 0.0349397 0.174699
1581000 34.9304 -1.06961 -5.34804
1582000 35.9355 -0.0645057 -0.322529
1583000 35.6423 -0.357671 -1.78835
1584000 36.7086 0.708608 3.54304
1585000 35.2368 -0.763196 -3.81598
1586000 36.5232 0.523158 2.61579
1587000 36.1654 0.165386 0.826932
1588000 36.2951 0.295129 1.47565
1589000 37.182 1.182 5.90999
1590000 35.9487 -0.05133 -0.25665
1591000 35.9092 -0.0908369 -0.454184
1592000 35.5045 -0.49551 -2.47755
1593000 36.0062 0.00620768 0.0310384
1594000 36.4433 0.443297 2.21649
1595000 36.6277 0.627708 3.13854
1596000 36.5618 0.561808 2.80904
1597000 35.9806 -0.0194029 -0.0970143
1598000 35.9508 -0.0491595 -0.245797
1599000 36.2355 0.235479 1.17739
1600000 35.1075 -0.892509 -4.46254
1601000 36.4094 0.409368 2.04684
1602000 35.783 -0.21698 -1.0849
1603000 35.1733 -0.826664 -4.13332
1604000 35.265 -0.734996 -3.67498
1605000 35.9089 -0.0911098 -0.455549
1606000 35.8136 -0.186402 -0.93201
1607000 34.6502 -1.34984 -6.74918
1608000 35.5508 -0.449201 -2.246
1609000 36.0891 0.089081 0.445405
1610000 35.9429 -0.0570844 -0.285422
1611000 35.5827 -0.417332 -2.08666
1612000 36.5171 0.517147 2.58573
1613000 36.3716 0.37163 1.85815
1614000 35.4736 -0.526396 -2.63198
1615000 35.8229 -0.177089 -0.885445
1616000 35.9968 -0.00323944 -0.0161972
1617000 37.4917 1.49175 7.45875
1618000 35.918 -0.0819986 -0.409993
1619000 35.2462 -0.753829 -3.76915
1620000 35.4948 -0.505214 -2.52607
1621000 35.8044 -0.19562 -0.978099
1622000 35.9255 -0.0745131 -0.372566
1623000 36.5149 0.514888 2.57444
1624000 35.8439 -0.156052 -0.780258
1625000 35.659 -0.341013 -1.70506
1626000 36.911 0.911009 4.55505
1627000 36.6887 0.688678 3.44339
1628000 36.3357 0.335719 1.67859
1629000 35.9862 -0.013827 -0.0691348
1630000 36.4463 0.446271 2.23136
1631000 35.6896 -0.310386 -1.55193
1632000 35.8014 -0.198616 -0.993081
1633000 36.1989 0.198884 0.994421
1634000 36.398 0.398033 1.99017
1635000 36.0864 0.0863882 0.431941
1636000 35.1513 -0.848686 -4.24343
1637000 36.4805 0.480465 2.40232
1638000 36.4564 0.456428 2.28214
1639000 35.6899 -0.310139 -1.5507
1640000 35.0235 -0.976456 -4.88228
1641000 36.2631 0.263104 1.31552
1642000 36.6244 0.624391 3.12195
1643000 36.1627 0.16268 0.813402
1644000 35.0817 -0.918335 -4.59168
1645000 35.2173 -0.78275 -3.91375
1646000 35.3187 -0.681331 -3.40665
1647000 35.4918 -0.508204 -2.54102
1648000 35.6854 -0.314594 -1.57297
1649000 36.2209 0.220866 1.10433
1650000 34.8871 -1.11294 -5.56469
1651000 35.5363 -0.463717 -2.31858
1652000 34.9433 -1.0567 -5.28349
1653000 36.1681 0.168111 0.840555
1654000 35.7007 -0.299304 -1.49652
1655000 35.9646 -0.0354038 -0.177019
1656000 36.3957 0.395702 1.97851
1657000 36.6698 0.669774 3.34887
1658000 36.2246 0.224567 1.12284
1659000 35.0903 -0.909697 -4.54849
1660000 35.2615 -0.738546 -3.69273
1661000 35.7831 -0.216864 -1.08432
1662000 35.8308 -0.169186 -0.845932
1663000 34.4054 -1.59456 -7.97278
1664000 35.126 -0.873977 -4.36988
1665000 36.9385 0.938508 4.69254
1666000 36.9654 0.965432 4.82716
1667000 36.1806 0.18064 0.903202
1668000 35.8835 -0.116501 -0.582503
1669000 34.7419 -1.25806 -6.29032
1670000 35.5462 -0.453795 -2.26898
1671000 35.7288 -0.271177 -1.35589
1672000 35.7384 -0.261554 -1.30777
1673000 35.246 -0.753982 -3.76991
1674000 34.4306 -1.56939 -7.84695
1675000 35.1643 -0.835685 -4.17842
1676000 36.4118 0.411789 2.05895
1677000 35.176 -0.823982 -4.11991
1678000 35.9618 -0.0382061 -0.19103
1679000 35.6798 -0.320198 -1.60099
1680000 35.3778 -0.622241 -3.1112
1681000 35.6638 -0.33617 -1.68085
1682000 35.1564 -0.84356 -4.2178
1683000 35.5414 -0.458618 -2.29309
1684000 35.8082 -0.191752 -0.95876
1685000 35.094 -0.906049 -4.53024
1686000 34.881 -1.11899 -5.59494
1687000 35.7917 -0.208339 -1.0417
1688000 35.654 -0.345971 -1.72986
1689000 36.9632 0.963243 4.81622
1690000 36.7147 0.714668 3.57334
1691000 36.838 0.837958 4.18979
1692000 37.0076 1.00757 5.03787
1693000 36.4995 0.499549 2.49775
1694000 35.7467 -0.253333 -1.26666
1695000 37.0191 1.01906 5.09528
1696000 36.4301 0.430079 2.15039
1697000 35.4544 -0.545642 -2.72821
1698000 35.9616 -0.0383817 -0.191909
1699000 36.7207 0.720714 3.60357
1700000 36.1757 0.175722 0.87861
1701000 36.0703 0.0703333 0.351666
1702000 35.3175 -0.682469 -3.41234
1703000 34.9999 -1.00011 -5.00054
1704000 36.4434 0.443404 2.21702
1705000 36.406 0.406027 2.03014
1706000 35.5917 -0.408266 -2.04133
1707000 34.6768 -1.32323 -6.61617
1708000 34.8721 -1.12786 -5.6393
1709000 36.1893 0.1893 0.946499
1710000 36.2257 0.225735 1.12868
1711000 35.9205 -0.0794972 -0.397486
1712000 36.7997 0.799664 3.99832
1713000 35.1342 -0.865781 -4.32891
1714000 35.6342 -0.365794 -1.82897
1715000 36.1186 0.118617 0.593087
1716000 35.8959 -0.104054 -0.52027
1717000 36.0814 0.0814359 0.407179
1718000 35.6503 -0.34971 -1.74855
1719000 35.5681 -0.431863 -2.15932
1720000 35.4641 -0.535886 -2.67943
1721000 36.4133 0.413345 2.06673
1722000 36.1376 0.137605 0.688023
1723000 36.0734 0.0733774 0.366887
1724000 35.5912 -0.408814 -2.04407
1725000 34.6326 -1.3674 -6.837
1726000 36.5164 0.516446 2.58223
1727000 35.4556 -0.544423 -2.72211
1728000 36.0851 0.0851211 0.425605
1729000 35.671 -0.329045 -1.64522
1730000 34.7701 -1.2299 -6.1495
1731000 35.3596 -0.640368 -3.20184
1732000 36.8227 0.822653 4.11327
1733000 35.7413 -0.258694 -1.29347
1734000 35.6037 -0.396342 -1.98171
1735000 36.6975 0.697489 3.48744
1736000 36.7717 0.771674 3.85837
1737000 36.2728 0.272804 1.36402
1738000 35.4863 -0.513733 -2.56866
1739000 35.7098 -0.290224 -1.45112
1740000 36.151 0.151006 0.755031
1741000 35.4067 -0.593314 -2.96657
1742000 35.212 -0.788001 -3.94001
1743000 36.7206 0.720586 3.60293
1744000 35.4362 -0.563805 -2.81903
1745000 35.0815 -0.91854 -4.5927
1746000 36.7179 0.717945 3.58972
1747000 36.0753 0.0753333 0.376666
1748000 35.4689 -0.531091 -2.65545
1749000 34.541 -1.45899 -7.29495
1750000 34.3686 -1.63139 -8.15696
1751000 36.1619 0.161919 0.809593
1752000 36.4809 0.480896 2.40448
1753000 35.6386 -0.361385 -1.80693
1754000 36.6487 0.648749 3.24374
1755000 35.2972 -0.702782 -3.51391
1756000 34.9673 -1.03271 -5.16355
1757000 35.611 -0.388952 -1.94476
1758000 35.6694 -0.330639 -1.6532
1759000 36.2608 0.260768 1.30384
1760000 35.1794 -0.820576 -4.10288
1761000 36.4697 0.469672 2.34836
1762000 37.3727 1.37267 6.86337
1763000 36.4594 0.459364 2.29682
1764000 35.454 -0.546001 -2.73
1765000 35.0812 -0.918759 -4.59379
1766000 36.2569 0.256902 1.28451
1767000 35.8844 -0.115615 -0.578074
1768000 36.1873 0.187336 0.936682
1769000 35.2201 -0.77993 -3.89965
1770000 35.676 -0.324018 -1.62009
1771000 35.7928 -0.207208 -1.03604
1772000 37.131 1.13102 5.65512
1773000 36.1596 0.159631 0.798153
1774000 35.8023 -0.197707 -0.988533
1775000 36.6664 0.666397 3.33198
1776000 37.042 1.04203 5.21016
1777000 36.0388 0.0388054 0.194027
1778000 35.3909 -0.609102 -3.04551
1779000 35.9867 -0.0132603 -0.0663014
1780000 35.6351 -0.364855 -1.82428
1781000 35.9861 -0.0138674 -0.069337
1782000 35.5586 -0.441442 -2.20721
1783000 36.3891 0.389078 1.94539
1784000 35.9139 -0.0860996 -0.430498
1785000 36.3669 0.366905 1.83453
1786000 34.7447 -1.25535 -6.27675
1787000 36.0767 0.0766671 0.383335
1788000 36.2403 0.24027 1.20135
1789000 36.5729 0.572924 2.86462
1790000 36.1865 0.186505 0.932527
1791000 35.0684 -0.931624 -4.65812
1792000 36.4175 0.417502 2.08751
1793000 35.8325 -0.167475 -0.837373
1794000 35.4196 -0.580394 -2.90197
1795000 35.3299 -0.670088 -3.35044
1796000 35.9021 -0.0978846 -0.489423
1797000 35.9427 -0.0572903 -0.286452
1798000 35.7785 -0.221464 -1.10732
1799000 36.152 0.151973 0.759864
1800000 36.4393 0.439296 2.19648
1801000 36.0499 0.0499137 0.249569
1802000 36.4504 0.450386 2.25193
1803000 35.7443 -0.255698 -1.27849
1804000 36.0073 0.00733048 0.0366524
1805000 36.1951 0.195057 0.975285
1806000 36.3415 0.341501 1.7075
1807000 35.7429 -0.257065 -1.28533
1808000 36.2978 0.297819 1.4891
1809000 35.9057 -0.0943144 -0.471572
1810000 36.3222 0.322228 1.61114
1811000 36.0249 0.0249295 0.124647
1812000 37.1913 1.19128 5.95639
1813000 35.6085 -0.391469 -1.95734
1814000 35.5243 -0.475743 -2.37872
1815000 35.2776 -0.722417 -3.61208
1816000 36.1921 0.192057 0.960286
1817000 36.3236 0.323605 1.61802
1818000 36.0254 0.0253813 0.126906
1819000 35.0169 -0.983134 -4.91567
1820000 35.1303 -0.869711 -4.34855
1821000 35.8972 -0.102802 -0.51401
1822000 36.7705 0.770455 3.85227
1823000 36.6221 0.622108 3.11054
1824000 36.0841 0.084104 0.42052
1825000 36.2928 0.292755 1.46377
1826000 35.9483 -0.0516572 -0.258286
1827000 35.4868 -0.513169 -2.56585
1828000 35.7261 -0.273941 -1.36971
1829000 36.4199 0.419947 2.09974
1830000 36.1191 0.119145 0.595727
1831000 35.369 -0.63096 -3.1548
1832000 36.2276 0.227615 1.13807
1833000 35.4127 -0.587258 -2.93629
1834000 36.0518 0.0517633 0.258816
1835000 35.4741 -0.525884 -2.62942
1836000 36.2129 0.21292 1.0646
1837000 35.3055 -0.69446 -3.4723
1838000 34.9146 -1.08541 -5.42707
1839000 36.4716 0.471606 2.35803
1840000 36.618 0.618049 3.09024
1841000 36.0478 0.0477789 0.238894
1842000 35.9281 -0.0719223 -0.359611
1843000 36.555 0.55499 2.77495
1844000 35.8947 -0.105324 -0.526618
1845000 36.4746 0.47458 2.3729
1846000 36.9227 0.922715 4.61357
1847000 35.9884 -0.0115595 -0.0577973
1848000 34.9305 -1.06953 -5.34767
1849000 35.6634 -0.336602 -1.68301
1850000 36.241 0.241043 1.20522
1851000 36.3477 0.347661 1.7383
1852000 35.5926 -0.407402 -2.03701
1853000 36.1714 0.171408 0.857042
1854000 36.6053 0.605308 3.02654
1855000 34.9524 -1.04756 -5.23782
1856000 35.466 -0.534036 -2.67018
1857000 36.0289 0.0289286 0.144643
1858000 36.1555 0.155543 0.777717
1859000 35.6606 -0.339396 -1.69698
1860000 35.8011 -0.198902 -0.994512
1861000 34.7748 -1.22521 -6.12607
1862000 36.03 0.0300458 0.150229
1863000 35.9612 -0.0388101 -0.19405
1864000 35.5984 -0.401603 -2.00802
1865000 36.1768 0.176771 0.883853
1866000 35.3332 -0.666818 -3.33409
1867000 37.0126 1.01258 5.06289
1868000 36.1144 0.114441 0.572206
1869000 35.8804 -0.119605 -0.598027
1870000 36.3815 0.381539 1.90769
1871000 35.8156 -0.184398 -0.921989
1872000 35.7645 -0.235533 -1.17767
1873000 35.4118 -0.588173 -2.94087
1874000 36.7695 0.769457 3.84729
1875000 36.4009 0.4009 2.0045
1876000 35.6384 -0.361622 -1.80811
1877000 36.1755 0.175542 0.877711
1878000 37.1365 1.13646 5.68229
1879000 35.3431 -0.656947 -3.28473
1880000 35.0289 -0.971051 -4.85526
1881000 34.7432 -1.25683 -6.28413
1882000 35.5707 -0.429256 -2.14628
1883000 36.307 0.306983 1.53492
1884000 35.5767 -0.423259 -2.11629
1885000 35.776 -0.223974 -1.11987
1886000 36.5121 0.512132 2.56066
1887000 35.9832 -0.0167561 -0.0837806
1888000 35.6877 -0.312349 -1.56174
1889000 36.232 0.232022 1.16011
1890000 36.5544 0.554366 2.77183
1891000 36.4377 0.437676 2.18838
1892000 35.2604 -0.739629 -3.69814
1893000 35.4115 -0.588465 -2.94232
1894000 36.0977 0.09774 0.4887
1895000 36.8236 0.823569 4.11785
1896000 36.1227 0.122722 0.613609
1897000 35.5089 -0.491096 -2.45548
1898000 35.3269 -0.673102 -3.36551
1899000 36.6239 0.62386 3.1193
1900000 36.674 0.674002 3.37001
1901000 36.1875 0.187461 0.937304
1902000 36.0531 0.0531065 0.265532
1903000 36.0739 0.0738659 0.36933
1904000 36.0939 0.093914 0.46957
1905000 35.1551 -0.844909 -4.22454
1906000 35.6515 -0.348534 -1.74267
1907000 35.2018 -0.798181 -3.99091
1908000 36.2993 0.299347 1.49673
1909000 36.3225 0.322496 1.61248
1910000 36.6544 0.654412 3.27206
1911000 36.322 0.322036 1.61018
1912000 35.4591 -0.540861 -2.7043
1913000 34.9263 -1.07372 -5.36859
1914000 36.4482 0.448219 2.24109
1915000 35.3237 -0.6763 -3.3815
1916000 36.1385 0.138486 0.69243
1917000 35.8685 -0.131475 -0.657373
1918000 35.8836 -0.116412 -0.582061
1919000 35.8442 -0.155752 -0.778758
1920000 36.2557 0.255717 1.27859
1921000 36.7283 0.728256 3.64128
1922000 36.3846 0.384559 1.9228
1923000 35.982 -0.0180013 -0.0900066
1924000 36.5027 0.502669 2.51335
1925000 35.0977 -0.902331 -4.51165
1926000 36.1748 0.174781 0.873907
1927000 36.6509 0.650929 3.25464
1928000 36.5215 0.521487 2.60743
1929000 35.2435 -0.756504 -3.78252
1930000 35.896 -0.103972 -0.519862
1931000 36.7257 0.72568 3.6284
1932000 36.0078 0.00780907 0.0390453
1933000 36.0368 0.0368028 0.184014
1934000 36.4144 0.414358 2.07179
1935000 36.6544 0.654353 3.27177
1936000 35.485 -0.514955 -2.57478
1937000 36.1166 0.116578 0.58289
1938000 35.0116 -0.988412 -4.94206
1939000 34.9723 -1.02775 -5.13873
1940000 35.6344 -0.36564 -1.8282
1941000 36.1277 0.127741 0.638705
1942000 36.1963 0.196336 0.981682
1943000 35.4675 -0.532496 -2.66248
1944000 35.1244 -0.875623 -4.37811
1945000 35.8883 -0.111697 -0.558487
1946000 36.8855 0.885527 4.42763
1947000 35.5893 -0.410686 -2.05343
1948000 36.191 0.191049 0.955244
1949000 35.7076 -0.292408 -1.46204
1950000 36.6169 0.61688 3.0844
1951000 35.7435 -0.256534 -1.28267
1952000 36.271 0.271016 1.35508
1953000 35.7926 -0.20744 -1.0372
1954000 35.9271 -0.0729346 -0.364673
1955000 36.7663 0.766259 3.8313
1956000 36.0982 0.0982299 0.491149
1957000 35.7321 -0.267891 -1.33945
1958000 35.6621 -0.337857 -1.68928
1959000 35.8355 -0.16446 -0.8223
1960000 35.9273 -0.0727008 -0.363504
1961000 36.4282 0.428201 2.14101
1962000 36.9821 0.982143 4.91072
1963000 36.2034 0.203426 1.01713
1964000 36.124 0.123987 0.619937
1965000 35.9324 -0.067582 -0.33791
1966000 35.7184 -0.281583 -1.40791
1967000 36.0602 0.0601778 0.300889
1968000 36.1601 0.160092 0.800459
1969000 35.4737 -0.526264 -2.63132
1970000 36.1042 0.10418 0.520901
1971000 36.1471 0.147126 0.735632
1972000 35.5072 -0.492798 -2.46399
1973000 36.236 0.23598 1.1799
1974000 35.9496 -0.0503544 -0.251772
1975000 35.86 -0.13995 -0.699751
1976000 35.4111 -0.588915 -2.94458
1977000 35.4664 -0.533568 -2.66784
1978000 35.9973 -0.00267004 -0.0133502
1979000 35.5534 -0.446636 -2.23318
1980000 35.015 -0.984995 -4.92497
1981000 36.7173 0.717309 3.58654
1982000 36.2396 0.239577 1.19788
1983000 35.733 -0.267044 -1.33522
1984000 35.7209 -0.279122 -1.39561
1985000 35.1529 -0.84711 -4.23555
1986000 35.0446 -0.955375 -4.77688
1987000 36.1427 0.142681 0.713405
1988000 35.5302 -0.469783 -2.34892
1989000 36.248 0.247973 1.23986
1990000 35.8003 -0.199713 -0.998566
1991000 36.0874 0.0874346 0.437173
1992000 35.0112 -0.988774 -4.94387
1993000 35.259 -0.74095 -3.70475
1994000 36.4079 0.407889 2.03945
1995000 36.8707 0.870699 4.3535
1996000 37.0922 1.09222 5.46108
1997000 36.4382 0.438218 2.19109
1998000 36.1479 0.147911 0.739553
1999000 35.879 -0.121011 -0.605057
2000000 36.1756 0.175627 0.878136
