# Histogrammed data for fix 10
# TimeStep Number-of-bins Total-counts Missing-counts Min-value Max-value
# Bin Coord Count Count/Total
5000000 200 600000 0 0.753276 23.9954
1 0.1 0 0
2 0.3 0 0
3 0.5 0 0
4 0.7 2 3.33333e-06
5 0.9 243 0.000405
6 1.1 474 0.00079
7 1.3 387 0.000645
8 1.5 315 0.000525
9 1.7 287 0.000478333
10 1.9 307 0.000511667
11 2.1 348 0.00058
12 2.3 438 0.00073
13 2.5 485 0.000808333
14 2.7 624 0.00104
15 2.9 672 0.00112
16 3.1 667 0.00111167
17 3.3 697 0.00116167
18 3.5 760 0.00126667
19 3.7 820 0.00136667
20 3.9 827 0.00137833
21 4.1 845 0.00140833
22 4.3 906 0.00151
23 4.5 917 0.00152833
24 4.7 974 0.00162333
25 4.9 970 0.00161667
26 5.1 1002 0.00167
27 5.3 1098 0.00183
28 5.5 1180 0.00196667
29 5.7 1228 0.00204667
30 5.9 1211 0.00201833
31 6.1 1182 0.00197
32 6.3 1336 0.00222667
33 6.5 1421 0.00236833
34 6.7 1409 0.00234833
35 6.9 1566 0.00261
36 7.1 1602 0.00267
37 7.3 1763 0.00293833
38 7.5 1764 0.00294
39 7.7 1902 0.00317
40 7.9 2066 0.00344333
41 8.1 2166 0.00361
42 8.3 2296 0.00382667
43 8.5 2330 0.00388333
44 8.7 2494 0.00415667
45 8.9 2707 0.00451167
46 9.1 2861 0.00476833
47 9.3 3048 0.00508
48 9.5 3207 0.005345
49 9.7 3478 0.00579667
50 9.9 3667 0.00611167
51 10.1 3752 0.00625333
52 10.3 3910 0.00651667
53 10.5 4305 0.007175
54 10.7 4413 0.007355
55 10.9 4652 0.00775333
56 11.1 4897 0.00816167
57 11.3 5033 0.00838833
58 11.5 5413 0.00902167
59 11.7 5597 0.00932833
60 11.9 5861 0.00976833
61 12.1 6102 0.01017
62 12.3 6508 0.0108467
63 12.5 6748 0.0112467
64 12.7 6986 0.0116433
65 12.9 7450 0.0124167
66 13.1 7748 0.0129133
67 13.3 8070 0.01345
68 13.5 8273 0.0137883
69 13.7 8787 0.014645
70 13.9 8998 0.0149967
71 14.1 9530 0.0158833
72 14.3 9876 0.01646
73 14.5 10271 0.0171183
74 14.7 10789 0.0179817
75 14.9 11300 0.0188333
76 15.1 11902 0.0198367
77 15.3 12386 0.0206433
78 15.5 12804 0.02134
79 15.7 13148 0.0219133
80 15.9 13764 0.02294
81 16.1 14322 0.02387
82 16.3 14722 0.0245367
83 16.5 14986 0.0249767
84 16.7 15625 0.0260417
85 16.9 15679 0.0261317
86 17.1 16106 0.0268433
87 17.3 16257 0.027095
88 17.5 16623 0.027705
89 17.7 16094 0.0268233
90 17.9 16251 0.027085
91 18.1 15437 0.0257283
92 18.3 15200 0.0253333
93 18.5 14368 0.0239467
94 18.7 13493 0.0224883
95 18.9 12478 0.0207967
96 19.1 11359 0.0189317
97 19.3 10382 0.0173033
98 19.5 9078 0.01513
99 19.7 7858 0.0130967
100 19.9 6639 0.011065
101 20.1 5573 0.00928833
102 20.3 4710 0.00785
103 20.5 3675 0.006125
104 20.7 2887 0.00481167
105 20.9 2194 0.00365667
106 21.1 1690 0.00281667
107 21.3 1280 0.00213333
108 21.5 907 0.00151167
109 21.7 658 0.00109667
110 21.9 460 0.000766667
111 22.1 301 0.000501667
112 22.3 190 0.000316667
113 22.5 129 0.000215
114 22.7 67 0.000111667
115 22.9 48 8e-05
116 23.1 23 3.83333e-05
117 23.3 13 2.16667e-05
118 23.5 10 1.66667e-05
119 23.7 4 6.66667e-06
120 23.9 2 3.33333e-06
121 24.1 0 0
122 24.3 0 0
123 24.5 0 0
124 24.7 0 0
125 24.9 0 0
126 25.1 0 0
127 25.3 0 0
128 25.5 0 0
129 25.7 0 0
130 25.9 0 0
131 26.1 0 0
132 26.3 0 0
133 26.5 0 0
134 26.7 0 0
135 26.9 0 0
136 27.1 0 0
137 27.3 0 0
138 27.5 0 0
139 27.7 0 0
140 27.9 0 0
141 28.1 0 0
142 28.3 0 0
143 28.5 0 0
144 28.7 0 0
145 28.9 0 0
146 29.1 0 0
147 29.3 0 0
148 29.5 0 0
149 29.7 0 0
150 29.9 0 0
151 30.1 0 0
152 30.3 0 0
153 30.5 0 0
154 30.7 0 0
155 30.9 0 0
156 31.1 0 0
157 31.3 0 0
158 31.5 0 0
159 31.7 0 0
160 31.9 0 0
161 32.1 0 0
162 32.3 0 0
163 32.5 0 0
164 32.7 0 0
165 32.9 0 0
166 33.1 0 0
167 33.3 0 0
168 33.5 0 0
169 33.7 0 0
170 33.9 0 0
171 34.1 0 0
172 34.3 0 0
173 34.5 0 0
174 34.7 0 0
175 34.9 0 0
176 35.1 0 0
177 35.3 0 0
178 35.5 0 0
179 35.7 0 0
180 35.9 0 0
181 36.1 0 0
182 36.3 0 0
183 36.5 0 0
184 36.7 0 0
185 36.9 0 0
186 37.1 0 0
187 37.3 0 0
188 37.5 0 0
189 37.7 0 0
190 37.9 0 0
191 38.1 0 0
192 38.3 0 0
193 38.5 0 0
194 38.7 0 0
195 38.9 0 0
196 39.1 0 0
197 39.3 0 0
198 39.5 0 0
199 39.7 0 0
200 39.9 0 0
