# Time-averaged data for fix z
# TimeStep c_z
0 20.1225
1000 16.9238
2000 15.495
3000 14.9786
4000 14.5323
5000 14.0288
6000 13.8354
7000 12.7098
8000 12.4179
9000 12.0026
10000 11.4617
11000 11.0311
12000 10.7139
13000 10.636
14000 10.6126
15000 9.60225
16000 9.17032
17000 9.05605
18000 8.74448
19000 7.9322
20000 6.3952
21000 4.87965
22000 4.9152
23000 5.0574
24000 5.2654
25000 5.47292
26000 5.27786
27000 3.83572
28000 3.04512
29000 2.53351
30000 1.28361
31000 1.58745
32000 2.51213
33000 0.954954
34000 2.26966
35000 3.3619
36000 2.23765
37000 1.73958
38000 2.06737
39000 1.53989
40000 1.0585
41000 0.97376
42000 2.96114
43000 2.61986
44000 3.09853
45000 3.23978
46000 3.05246
47000 3.21772
48000 2.89345
49000 2.80786
50000 1.46155
51000 1.99545
52000 2.39853
53000 1.72843
54000 1.48363
55000 1.54653
56000 2.19356
57000 2.45847
58000 1.4009
59000 1.42056
60000 2.98907
61000 3.331
62000 4.1725
63000 4.53371
64000 3.29838
65000 2.25187
66000 1.39266
67000 0.90377
68000 1.32832
69000 2.14935
70000 2.55687
71000 3.67325
72000 2.97561
73000 3.73539
74000 4.52995
75000 3.43594
76000 3.28839
77000 3.85419
78000 4.43251
79000 3.53378
80000 2.99045
81000 4.27483
82000 3.23984
83000 3.17794
84000 3.2902
85000 2.39775
86000 2.60089
87000 1.12585
88000 0.91403
89000 1.68151
90000 1.86704
91000 2.35188
92000 2.87501
93000 1.4008
94000 2.61103
95000 3.07155
96000 1.93371
97000 1.75385
98000 1.61576
99000 1.89924
100000 2.37923
101000 2.2076
102000 3.265
103000 3.19551
104000 1.18824
105000 3.13632
106000 2.05008
107000 3.0612
108000 2.12448
109000 1.89598
110000 2.05054
111000 3.07047
112000 3.24834
113000 3.34596
114000 3.22935
115000 3.12174
116000 1.11524
117000 1.72738
118000 2.71775
119000 2.05473
120000 1.38741
121000 1.7778
122000 2.56729
123000 2.60657
124000 3.8235
125000 2.51156
126000 2.32122
127000 2.9248
128000 1.58661
129000 2.22942
130000 2.56353
131000 2.28917
132000 2.62627
133000 2.54165
134000 3.36242
135000 3.76004
136000 3.22125
137000 3.11499
138000 1.90959
139000 2.23727
140000 3.01357
141000 3.10185
142000 4.42412
143000 4.01661
144000 3.77481
145000 3.11823
146000 3.46294
147000 3.10777
148000 1.89327
149000 2.67486
150000 3.74403
151000 3.78335
152000 4.29909
153000 4.67673
154000 4.81862
155000 4.90779
156000 6.14449
157000 5.78755
158000 4.26601
159000 4.66716
160000 4.52261
161000 3.99742
162000 4.42999
163000 3.46271
164000 3.55678
165000 2.7697
166000 3.54126
167000 3.30701
168000 2.97083
169000 2.49131
170000 2.08306
171000 1.4926
172000 1.10667
173000 2.89595
174000 2.03739
175000 0.960551
176000 1.87954
177000 1.51373
178000 1.15068
179000 1.22684
180000 3.41799
181000 1.06174
182000 1.60974
183000 1.65678
184000 1.7387
185000 3.02438
186000 3.49357
187000 1.65375
188000 1.89603
189000 2.31841
190000 1.84041
191000 3.16307
192000 2.76846
193000 3.2746
194000 2.62677
195000 3.14595
196000 3.7135
197000 2.88559
198000 2.54776
199000 2.68052
200000 2.9385
201000 1.36602
202000 1.92283
203000 3.02235
204000 3.20577
205000 2.24533
206000 2.47166
207000 1.95061
208000 1.06446
209000 2.96068
210000 4.07723
211000 3.3735
212000 1.82997
213000 1.48107
214000 1.59424
215000 2.13961
216000 2.96292
217000 1.39129
218000 2.23067
219000 1.07898
220000 2.48155
221000 1.15351
222000 1.32299
223000 1.63306
224000 1.78199
225000 1.86582
226000 2.38773
227000 3.34172
228000 1.67438
229000 1.59136
230000 1.81857
231000 2.38432
232000 1.59035
233000 2.01364
234000 1.76377
235000 1.98776
236000 1.21895
237000 1.99377
238000 1.92394
239000 1.18153
240000 2.85132
241000 2.47245
242000 2.13572
243000 1.69709
244000 1.31353
245000 2.5401
246000 0.877736
247000 1.44036
248000 1.07141
249000 1.7797
250000 2.33993
251000 3.07363
252000 3.0524
253000 2.20849
254000 2.0469
255000 1.72482
256000 0.936916
257000 0.891085
258000 2.04009
259000 2.89197
260000 3.58239
261000 4.2885
262000 4.78514
263000 3.04805
264000 3.36147
265000 2.77832
266000 2.57538
267000 1.48787
268000 1.78984
269000 2.96877
270000 3.75745
271000 1.70151
272000 3.37964
273000 2.52151
274000 2.83986
275000 2.71156
276000 2.3831
277000 1.7724
278000 2.02837
279000 3.86631
280000 2.26591
281000 3.00607
282000 1.74145
283000 1.51392
284000 2.05066
285000 2.87242
286000 3.11057
287000 2.42733
288000 3.14087
289000 3.41742
290000 3.33878
291000 2.98869
292000 4.09396
293000 4.84444
294000 5.47292
295000 6.07445
296000 4.98129
297000 4.75333
298000 4.19167
299000 4.30055
300000 3.27618
301000 5.05039
302000 4.71864
303000 3.88738
304000 3.27124
305000 1.64685
306000 2.10023
307000 2.59969
308000 1.79158
309000 2.17042
310000 1.92996
311000 1.01202
312000 1.03061
313000 2.00487
314000 1.5144
315000 2.31272
316000 1.93152
317000 1.87866
318000 2.80032
319000 2.12744
320000 3.3529
321000 2.22038
322000 1.81475
323000 1.90042
324000 1.67191
325000 1.23389
326000 1.39174
327000 2.61835
328000 2.12517
329000 2.27528
330000 2.14344
331000 0.993028
332000 1.80811
333000 3.00962
334000 3.18482
335000 2.13589
336000 1.35522
337000 2.88198
338000 4.4528
339000 2.70792
340000 2.89749
341000 2.73521
342000 3.68713
343000 2.67034
344000 1.86432
345000 1.83939
346000 2.61107
347000 1.63605
348000 1.0251
349000 1.931
350000 1.91821
351000 2.53605
352000 1.66078
353000 1.42826
354000 4.36096
355000 3.14752
356000 3.17287
357000 1.77295
358000 1.69924
359000 1.47705
360000 2.03172
361000 1.66865
362000 1.23846
363000 2.12372
364000 3.32168
365000 1.89817
366000 2.39282
367000 2.9382
368000 2.10668
369000 2.67648
370000 1.76266
371000 3.31084
372000 4.81617
373000 3.11057
374000 3.73423
375000 4.52067
376000 5.5938
377000 4.69677
378000 4.92827
379000 3.83752
380000 4.11824
381000 3.43218
382000 3.77384
383000 3.43144
384000 3.49443
385000 3.59395
386000 3.59487
387000 4.61437
388000 5.21783
389000 3.41226
390000 2.25568
391000 2.70447
392000 3.83338
393000 3.54797
394000 4.76305
395000 4.33099
396000 4.63918
397000 3.73894
398000 3.27867
399000 2.88192
400000 2.58024
401000 2.19519
402000 1.6763
403000 1.68101
404000 1.51891
405000 2.27642
406000 1.97482
407000 1.85966
408000 2.36384
409000 3.1815
410000 1.1751
411000 2.25505
412000 1.95238
413000 2.10478
414000 3.03619
415000 3.39648
416000 3.04575
417000 2.59976
418000 3.64244
419000 2.55494
420000 3.5764
421000 3.607
422000 3.16273
423000 1.90849
424000 2.37429
425000 3.10088
426000 2.51995
427000 3.38279
428000 2.54161
429000 1.65882
430000 1.91138
431000 1.19559
432000 1.08475
433000 3.70066
434000 3.53645
435000 2.52616
436000 1.76959
437000 1.54183
438000 2.32616
439000 2.68669
440000 3.89529
441000 4.41227
442000 2.65659
443000 3.98613
444000 3.67163
445000 1.80076
446000 2.62239
447000 3.21841
448000 5.12048
449000 4.15625
450000 3.30207
451000 4.63018
452000 3.10555
453000 1.60092
454000 2.12882
455000 1.68387
456000 3.03233
457000 1.98691
458000 1.1316
459000 2.77265
460000 2.28702
461000 1.93339
462000 3.26005
463000 4.44325
464000 3.73183
465000 2.70104
466000 2.62591
467000 1.74361
468000 1.99002
469000 2.87091
470000 2.30815
471000 2.58302
472000 1.79456
473000 1.74679
474000 2.86951
475000 1.54095
476000 2.10426
477000 3.63389
478000 1.78034
479000 1.73786
480000 2.93696
481000 2.52445
482000 1.43402
483000 2.2178
484000 2.71932
485000 3.69266
486000 2.51133
487000 1.2348
488000 1.2654
489000 2.0293
490000 2.33038
491000 2.13127
492000 1.96456
493000 2.26086
494000 1.35008
495000 1.83577
496000 2.06717
497000 1.74694
498000 1.5345
499000 1.08073
500000 2.35041
501000 3.62442
502000 4.03394
503000 3.70885
504000 3.25967
505000 3.47364
506000 3.42689
507000 2.48665
508000 2.54625
509000 3.03874
510000 3.48889
511000 3.27722
512000 3.60289
513000 2.95564
514000 1.74006
515000 1.92099
516000 1.61456
517000 2.19723
518000 1.66149
519000 3.19147
520000 2.80549
521000 1.70459
522000 3.72609
523000 3.12588
524000 2.55792
525000 1.96784
526000 1.36975
527000 2.72321
528000 2.98531
529000 3.13323
530000 2.04978
531000 1.83433
532000 2.22214
533000 1.6431
534000 3.73178
535000 2.2992
536000 2.70394
537000 3.4278
538000 3.70394
539000 4.11877
540000 3.96712
541000 4.19995
542000 2.24138
543000 2.37198
544000 1.32677
545000 1.10082
546000 3.26466
547000 1.63983
548000 1.8218
549000 1.0287
550000 2.18561
551000 4.51188
552000 3.09682
553000 3.60715
554000 2.56544
555000 3.40429
556000 2.85396
557000 3.58635
558000 2.65504
559000 3.57883
560000 5.1999
561000 6.22806
562000 5.04992
563000 3.74006
564000 3.33886
565000 2.09538
566000 1.72364
567000 1.12378
568000 1.22256
569000 1.82014
570000 1.43625
571000 1.28476
572000 1.97693
573000 1.18865
574000 2.03967
575000 1.27306
576000 1.44232
577000 1.09316
578000 1.89546
579000 2.8693
580000 2.72405
581000 2.44181
582000 2.71363
583000 1.70818
584000 1.72075
585000 2.05097
586000 1.14814
587000 1.33044
588000 2.5597
589000 3.52473
590000 4.30393
591000 5.42705
592000 4.87931
593000 4.64389
594000 3.61156
595000 3.37346
596000 3.5057
597000 3.63675
598000 2.7139
599000 2.45889
600000 3.78906
601000 3.11287
602000 2.29053
603000 2.73433
604000 2.40498
605000 1.17024
606000 1.11678
607000 2.8112
608000 2.19921
609000 0.981019
610000 1.13101
611000 2.87967
612000 3.11167
613000 3.14652
614000 2.43569
615000 3.36127
616000 3.92807
617000 3.38557
618000 4.03636
619000 1.52333
620000 1.36263
621000 2.82551
622000 1.39009
623000 1.91321
624000 0.940514
625000 1.55603
626000 3.66087
627000 3.21036
628000 3.77277
629000 2.70301
630000 1.72572
631000 2.1801
632000 2.86122
633000 2.96476
634000 2.91886
635000 2.83154
636000 2.23449
637000 2.72098
638000 4.5546
639000 5.14191
640000 3.22653
641000 4.44628
642000 3.24586
643000 1.90481
644000 4.1584
645000 4.61387
646000 3.65788
647000 3.72481
648000 2.41106
649000 2.31386
650000 2.18894
651000 3.00111
652000 3.31866
653000 3.56581
654000 2.17244
655000 3.40471
656000 4.75658
657000 3.64043
658000 4.52758
659000 5.68803
660000 4.68315
661000 2.8839
662000 2.44087
663000 2.98939
664000 2.546
665000 3.48529
666000 3.24278
667000 4.07784
668000 5.61708
669000 5.42546
670000 4.74254
671000 4.17335
672000 3.57077
673000 4.1931
674000 4.10236
675000 1.50074
676000 0.840316
677000 2.80477
678000 1.36062
679000 2.14361
680000 1.77131
681000 2.06164
682000 3.4055
683000 2.57263
684000 2.20886
685000 4.02343
686000 3.5166
687000 2.90915
688000 2.35071
689000 3.97005
690000 3.8192
691000 3.2108
692000 2.32705
693000 1.86411
694000 2.49087
695000 2.78333
696000 1.81346
697000 1.83679
698000 1.52808
699000 3.41858
700000 4.15953
701000 4.9336
702000 4.07524
703000 4.71156
704000 5.10399
705000 3.25267
706000 4.09982
707000 2.96706
708000 4.35749
709000 2.4473
710000 2.18139
711000 1.36922
712000 2.2
713000 1.65585
714000 2.46114
715000 2.50161
716000 2.66166
717000 3.93468
718000 1.86983
719000 1.38868
720000 2.39717
721000 2.91875
722000 4.33101
723000 3.50538
724000 3.5774
725000 2.06895
726000 2.92739
727000 3.36468
728000 3.17905
729000 3.72391
730000 4.39891
731000 3.3175
732000 3.58675
733000 4.06058
734000 3.87839
735000 1.66421
736000 2.83966
737000 2.83434
738000 2.25188
739000 1.74967
740000 1.78068
741000 1.91918
742000 2.45619
743000 3.01216
744000 1.9075
745000 1.42055
746000 1.51985
747000 1.93074
748000 1.72132
749000 2.13654
750000 1.04953
751000 1.47112
752000 1.44202
753000 1.10738
754000 2.45039
755000 2.36784
756000 1.46151
757000 2.88736
758000 1.74216
759000 1.20369
760000 0.94185
761000 1.43298
762000 2.19122
763000 0.999886
764000 1.74141
765000 0.836783
766000 1.74728
767000 1.46764
768000 1.84009
769000 2.0205
770000 1.3529
771000 2.11709
772000 2.93317
773000 3.44874
774000 4.09591
775000 2.52394
776000 5.57361
777000 3.90794
778000 2.87429
779000 2.27232
780000 3.0228
781000 1.84883
782000 2.53314
783000 2.60696
784000 1.76747
785000 2.6766
786000 1.35125
787000 1.37392
788000 1.67683
789000 2.30708
790000 2.29115
791000 2.52671
792000 2.56214
793000 3.01428
794000 1.70345
795000 1.77385
796000 1.36393
797000 1.60188
798000 2.06776
799000 2.59401
800000 2.04258
801000 1.81194
802000 2.04037
803000 1.66134
804000 1.26168
805000 1.49016
806000 3.36979
807000 3.799
808000 2.20342
809000 3.20118
810000 2.93824
811000 3.02072
812000 2.76519
813000 3.15424
814000 3.04552
815000 4.3808
816000 3.77334
817000 3.66913
818000 3.13214
819000 3.09223
820000 3.18435
821000 2.63253
822000 2.27624
823000 1.96917
824000 1.68368
825000 1.39855
826000 2.54464
827000 1.51631
828000 3.339
829000 2.42837
830000 1.81565
831000 2.62144
832000 2.04005
833000 1.09001
834000 2.25152
835000 2.65738
836000 3.14731
837000 2.22635
838000 2.22418
839000 1.81186
840000 1.16552
841000 1.65231
842000 1.55902
843000 1.30675
844000 1.9529
845000 2.98257
846000 1.91331
847000 1.25567
848000 1.109
849000 1.94186
850000 1.42811
851000 3.52842
852000 2.65641
853000 1.94204
854000 1.06386
855000 1.07109
856000 1.60661
857000 3.23594
858000 2.81299
859000 2.42689
860000 1.04072
861000 1.65906
862000 1.473
863000 3.17073
864000 3.72656
865000 3.84769
866000 2.5902
867000 0.960839
868000 1.36003
869000 2.87593
870000 4.74414
871000 3.55133
872000 1.91433
873000 2.73065
874000 2.47197
875000 1.77573
876000 2.2658
877000 2.62587
878000 1.93748
879000 2.36097
880000 2.39315
881000 2.00134
882000 2.71399
883000 1.29715
884000 1.44827
885000 1.88669
886000 1.78677
887000 1.9128
888000 3.30001
889000 2.29339
890000 3.9396
891000 4.18912
892000 4.56426
893000 4.25799
894000 3.56002
895000 1.62869
896000 1.54626
897000 1.48332
898000 2.25274
899000 2.35317
900000 2.05472
901000 2.74595
902000 3.14469
903000 1.95745
904000 1.10321
905000 1.33044
906000 2.97753
907000 2.08394
908000 4.3148
909000 3.13423
910000 2.89678
911000 2.33212
912000 3.04171
913000 4.28787
914000 4.76995
915000 5.47729
916000 5.60156
917000 5.21035
918000 6.20736
919000 5.1691
920000 5.83843
921000 5.37848
922000 6.0398
923000 6.2959
924000 5.4951
925000 6.06925
926000 6.18721
927000 5.78733
928000 5.25246
929000 3.52935
930000 4.09761
931000 4.07153
932000 2.28346
933000 1.87014
934000 1.475
935000 1.77154
936000 2.2188
937000 3.01528
938000 3.30073
939000 1.23473
940000 1.30219
941000 2.76427
942000 2.28029
943000 2.72314
944000 3.23641
945000 4.04596
946000 2.83966
947000 2.55548
948000 1.01339
949000 2.16668
950000 2.55441
951000 2.86513
952000 2.14427
953000 1.49267
954000 3.09472
955000 3.16789
956000 3.26747
957000 2.1439
958000 2.85959
959000 2.61354
960000 4.25811
961000 2.72753
962000 2.8442
963000 3.86858
964000 4.07111
965000 3.92816
966000 2.26538
967000 1.92508
968000 1.95701
969000 2.57956
970000 3.02125
971000 1.47741
972000 2.49008
973000 3.2676
974000 2.58293
975000 1.61745
976000 2.72913
977000 1.16432
978000 1.72886
979000 1.78971
980000 2.87963
981000 2.45663
982000 2.76968
983000 2.1704
984000 1.55944
985000 2.38844
986000 2.90921
987000 2.55416
988000 2.83769
989000 2.41545
990000 2.45505
991000 2.06062
992000 3.24236
993000 3.45607
994000 3.58432
995000 3.71808
996000 2.58357
997000 1.46516
998000 0.962385
999000 1.78865
1000000 3.49158
