# Histogrammed data for fix 9
# TimeStep Number-of-bins Total-counts Missing-counts Min-value Max-value
# Bin Coord Count Count/Total
5000000 200 1.74e+07 0 0.73934 24.6672
1 0.1 0 0
2 0.3 0 0
3 0.5 0 0
4 0.7 56 3.21839e-06
5 0.9 16655 0.000957184
6 1.1 46409 0.00266718
7 1.3 56016 0.00321931
8 1.5 69068 0.00396943
9 1.7 87694 0.00503989
10 1.9 115405 0.00663247
11 2.1 150782 0.00866563
12 2.3 203916 0.0117193
13 2.5 282632 0.0162432
14 2.7 240818 0.0138401
15 2.9 209984 0.012068
16 3.1 231709 0.0133166
17 3.3 249425 0.0143348
18 3.5 246616 0.0141733
19 3.7 230447 0.0132441
20 3.9 236104 0.0135692
21 4.1 242105 0.0139141
22 4.3 242656 0.0139457
23 4.5 238981 0.0137345
24 4.7 237546 0.0136521
25 4.9 241544 0.0138818
26 5.1 241077 0.013855
27 5.3 239955 0.0137905
28 5.5 239044 0.0137382
29 5.7 239792 0.0137811
30 5.9 239640 0.0137724
31 6.1 238880 0.0137287
32 6.3 239157 0.0137447
33 6.5 237743 0.0136634
34 6.7 237250 0.0136351
35 6.9 236624 0.0135991
36 7.1 237292 0.0136375
37 7.3 235512 0.0135352
38 7.5 235685 0.0135451
39 7.7 235183 0.0135163
40 7.9 234156 0.0134572
41 8.1 235084 0.0135106
42 8.3 232452 0.0133593
43 8.5 233365 0.0134118
44 8.7 232438 0.0133585
45 8.9 231729 0.0133178
46 9.1 230168 0.013228
47 9.3 229280 0.013177
48 9.5 228209 0.0131155
49 9.7 229211 0.013173
50 9.9 227373 0.0130674
51 10.1 225783 0.012976
52 10.3 225137 0.0129389
53 10.5 223540 0.0128471
54 10.7 223114 0.0128226
55 10.9 221491 0.0127294
56 11.1 220378 0.0126654
57 11.3 218858 0.012578
58 11.5 218512 0.0125582
59 11.7 216271 0.0124294
60 11.9 214590 0.0123328
61 12.1 213075 0.0122457
62 12.3 211750 0.0121695
63 12.5 209581 0.0120449
64 12.7 207903 0.0119484
65 12.9 206314 0.0118571
66 13.1 202816 0.0116561
67 13.3 201713 0.0115927
68 13.5 198615 0.0114147
69 13.7 196789 0.0113097
70 13.9 194011 0.0111501
71 14.1 191451 0.0110029
72 14.3 187036 0.0107492
73 14.5 185094 0.0106376
74 14.7 181100 0.010408
75 14.9 176579 0.0101482
76 15.1 173357 0.00996305
77 15.3 169273 0.00972833
78 15.5 165421 0.00950695
79 15.7 160476 0.00922276
80 15.9 154936 0.00890437
81 16.1 150213 0.00863293
82 16.3 144892 0.00832713
83 16.5 138564 0.00796345
84 16.7 131598 0.0075631
85 16.9 124158 0.00713552
86 17.1 116052 0.00666966
87 17.3 108062 0.00621046
88 17.5 99991 0.00574661
89 17.7 91481 0.00525753
90 17.9 82919 0.00476546
91 18.1 74871 0.00430293
92 18.3 65696 0.00377563
93 18.5 58048 0.00333609
94 18.7 50166 0.0028831
95 18.9 42781 0.00245868
96 19.1 36474 0.00209621
97 19.3 30119 0.00173098
98 19.5 24606 0.00141414
99 19.7 20015 0.00115029
100 19.9 15689 0.000901667
101 20.1 12222 0.000702414
102 20.3 9234 0.00053069
103 20.5 7093 0.000407644
104 20.7 5252 0.000301839
105 20.9 3740 0.000214943
106 21.1 2713 0.00015592
107 21.3 1857 0.000106724
108 21.5 1287 7.39655e-05
109 21.7 893 5.13218e-05
110 21.9 567 3.25862e-05
111 22.1 355 2.04023e-05
112 22.3 216 1.24138e-05
113 22.5 140 8.04598e-06
114 22.7 86 4.94253e-06
115 22.9 58 3.33333e-06
116 23.1 33 1.89655e-06
117 23.3 13 7.47126e-07
118 23.5 9 5.17241e-07
119 23.7 2 1.14943e-07
120 23.9 1 5.74713e-08
121 24.1 1 5.74713e-08
122 24.3 0 0
123 24.5 1 5.74713e-08
124 24.7 1 5.74713e-08
125 24.9 0 0
126 25.1 0 0
127 25.3 0 0
128 25.5 0 0
129 25.7 0 0
130 25.9 0 0
131 26.1 0 0
132 26.3 0 0
133 26.5 0 0
134 26.7 0 0
135 26.9 0 0
136 27.1 0 0
137 27.3 0 0
138 27.5 0 0
139 27.7 0 0
140 27.9 0 0
141 28.1 0 0
142 28.3 0 0
143 28.5 0 0
144 28.7 0 0
145 28.9 0 0
146 29.1 0 0
147 29.3 0 0
148 29.5 0 0
149 29.7 0 0
150 29.9 0 0
151 30.1 0 0
152 30.3 0 0
153 30.5 0 0
154 30.7 0 0
155 30.9 0 0
156 31.1 0 0
157 31.3 0 0
158 31.5 0 0
159 31.7 0 0
160 31.9 0 0
161 32.1 0 0
162 32.3 0 0
163 32.5 0 0
164 32.7 0 0
165 32.9 0 0
166 33.1 0 0
167 33.3 0 0
168 33.5 0 0
169 33.7 0 0
170 33.9 0 0
171 34.1 0 0
172 34.3 0 0
173 34.5 0 0
174 34.7 0 0
175 34.9 0 0
176 35.1 0 0
177 35.3 0 0
178 35.5 0 0
179 35.7 0 0
180 35.9 0 0
181 36.1 0 0
182 36.3 0 0
183 36.5 0 0
184 36.7 0 0
185 36.9 0 0
186 37.1 0 0
187 37.3 0 0
188 37.5 0 0
189 37.7 0 0
190 37.9 0 0
191 38.1 0 0
192 38.3 0 0
193 38.5 0 0
194 38.7 0 0
195 38.9 0 0
196 39.1 0 0
197 39.3 0 0
198 39.5 0 0
199 39.7 0 0
200 39.9 0 0
