# Histogrammed data for fix 9
# TimeStep Number-of-bins Total-counts Missing-counts Min-value Max-value
# Bin Coord Count Count/Total
5000000 200 1.74e+07 0 0.728999 24.1534
1 0.1 0 0
2 0.3 0 0
3 0.5 0 0
4 0.7 70 4.02299e-06
5 0.9 16699 0.000959713
6 1.1 47400 0.00272414
7 1.3 57454 0.00330195
8 1.5 70092 0.00402828
9 1.7 88237 0.00507109
10 1.9 116409 0.00669017
11 2.1 152756 0.00877908
12 2.3 204408 0.0117476
13 2.5 284579 0.0163551
14 2.7 241754 0.0138939
15 2.9 212497 0.0122125
16 3.1 232714 0.0133744
17 3.3 250669 0.0144063
18 3.5 249389 0.0143327
19 3.7 231451 0.0133018
20 3.9 237089 0.0136258
21 4.1 244034 0.0140249
22 4.3 244484 0.0140508
23 4.5 239258 0.0137505
24 4.7 239494 0.013764
25 4.9 241913 0.013903
26 5.1 242054 0.0139111
27 5.3 240674 0.0138318
28 5.5 240611 0.0138282
29 5.7 239822 0.0137829
30 5.9 240966 0.0138486
31 6.1 239868 0.0137855
32 6.3 239329 0.0137545
33 6.5 238755 0.0137216
34 6.7 239184 0.0137462
35 6.9 238606 0.013713
36 7.1 238837 0.0137263
37 7.3 237514 0.0136502
38 7.5 236567 0.0135958
39 7.7 236181 0.0135736
40 7.9 236252 0.0135777
41 8.1 234807 0.0134947
42 8.3 233852 0.0134398
43 8.5 233378 0.0134125
44 8.7 233391 0.0134133
45 8.9 232255 0.013348
46 9.1 231433 0.0133007
47 9.3 230919 0.0132712
48 9.5 229326 0.0131797
49 9.7 229816 0.0132078
50 9.9 228252 0.0131179
51 10.1 227752 0.0130892
52 10.3 225912 0.0129834
53 10.5 225532 0.0129616
54 10.7 224318 0.0128918
55 10.9 222905 0.0128106
56 11.1 222036 0.0127607
57 11.3 220116 0.0126503
58 11.5 219118 0.012593
59 11.7 217362 0.0124921
60 11.9 214860 0.0123483
61 12.1 212508 0.0122131
62 12.3 211364 0.0121474
63 12.5 207820 0.0119437
64 12.7 203476 0.011694
65 12.9 200827 0.0115418
66 13.1 199763 0.0114806
67 13.3 195155 0.0112158
68 13.5 192075 0.0110388
69 13.7 187760 0.0107908
70 13.9 185823 0.0106795
71 14.1 182192 0.0104708
72 14.3 178743 0.0102726
73 14.5 175799 0.0101034
74 14.7 171705 0.0098681
75 14.9 169247 0.00972684
76 15.1 166027 0.00954178
77 15.3 161459 0.00927925
78 15.5 158151 0.00908914
79 15.7 154178 0.0088608
80 15.9 149974 0.0086192
81 16.1 145775 0.00837787
82 16.3 141224 0.00811632
83 16.5 135723 0.00780017
84 16.7 130629 0.00750741
85 16.9 123711 0.00710983
86 17.1 118170 0.00679138
87 17.3 110999 0.00637925
88 17.5 104041 0.00597937
89 17.7 96174 0.00552724
90 17.9 87760 0.00504368
91 18.1 79810 0.00458678
92 18.3 72098 0.00414356
93 18.5 63039 0.00362293
94 18.7 55349 0.00318098
95 18.9 47839 0.00274937
96 19.1 40785 0.00234397
97 19.3 34294 0.00197092
98 19.5 28098 0.00161483
99 19.7 22656 0.00130207
100 19.9 18282 0.00105069
101 20.1 14053 0.000807644
102 20.3 10982 0.000631149
103 20.5 8269 0.00047523
104 20.7 6168 0.000354483
105 20.9 4539 0.000260862
106 21.1 3193 0.000183506
107 21.3 2320 0.000133333
108 21.5 1620 9.31034e-05
109 21.7 1115 6.40805e-05
110 21.9 647 3.71839e-05
111 22.1 461 2.64943e-05
112 22.3 302 1.73563e-05
113 22.5 199 1.14368e-05
114 22.7 89 5.11494e-06
115 22.9 72 4.13793e-06
116 23.1 30 1.72414e-06
117 23.3 14 8.04598e-07
118 23.5 7 4.02299e-07
119 23.7 4 2.29885e-07
120 23.9 3 1.72414e-07
121 24.1 1 5.74713e-08
122 24.3 0 0
123 24.5 0 0
124 24.7 0 0
125 24.9 0 0
126 25.1 0 0
127 25.3 0 0
128 25.5 0 0
129 25.7 0 0
130 25.9 0 0
131 26.1 0 0
132 26.3 0 0
133 26.5 0 0
134 26.7 0 0
135 26.9 0 0
136 27.1 0 0
137 27.3 0 0
138 27.5 0 0
139 27.7 0 0
140 27.9 0 0
141 28.1 0 0
142 28.3 0 0
143 28.5 0 0
144 28.7 0 0
145 28.9 0 0
146 29.1 0 0
147 29.3 0 0
148 29.5 0 0
149 29.7 0 0
150 29.9 0 0
151 30.1 0 0
152 30.3 0 0
153 30.5 0 0
154 30.7 0 0
155 30.9 0 0
156 31.1 0 0
157 31.3 0 0
158 31.5 0 0
159 31.7 0 0
160 31.9 0 0
161 32.1 0 0
162 32.3 0 0
163 32.5 0 0
164 32.7 0 0
165 32.9 0 0
166 33.1 0 0
167 33.3 0 0
168 33.5 0 0
169 33.7 0 0
170 33.9 0 0
171 34.1 0 0
172 34.3 0 0
173 34.5 0 0
174 34.7 0 0
175 34.9 0 0
176 35.1 0 0
177 35.3 0 0
178 35.5 0 0
179 35.7 0 0
180 35.9 0 0
181 36.1 0 0
182 36.3 0 0
183 36.5 0 0
184 36.7 0 0
185 36.9 0 0
186 37.1 0 0
187 37.3 0 0
188 37.5 0 0
189 37.7 0 0
190 37.9 0 0
191 38.1 0 0
192 38.3 0 0
193 38.5 0 0
194 38.7 0 0
195 38.9 0 0
196 39.1 0 0
197 39.3 0 0
198 39.5 0 0
199 39.7 0 0
200 39.9 0 0
